0.000000000000000000e+00 5.913120727539062500e+02
5.955955955956431236e-01 5.149091796875000000e+02
1.191191191191286247e+00 5.828170051574707031e+02
1.786786786786929371e+00 5.743722534179687500e+02
2.382382382382572494e+00 5.641157608032226562e+02
2.977977977978215840e+00 5.504509689331055142e+02
3.573573573573858742e+00 5.358620681762695312e+02
4.169169169169501643e+00 5.193771324157714844e+02
4.764764764765144989e+00 5.002388447352818162e+02
5.360360360360788334e+00 4.808960718427385359e+02
5.955955955956431680e+00 4.608325141457950167e+02
6.551551551552074137e+00 4.407855224609375000e+02
7.147147147147717483e+00 4.201506668090820540e+02
7.742742742743360829e+00 3.972790961887525327e+02
8.338338338339003286e+00 3.750042467984285963e+02
8.933933933934646632e+00 3.541999092102050781e+02
9.529529529530289977e+00 3.335902655919392714e+02
1.012512512512593332e+01 3.125908574071423800e+02
1.072072072072157667e+01 2.917321454366048101e+02
1.131631631631722001e+01 2.726348761240641352e+02
1.191191191191286336e+01 2.552695388793945312e+02
1.250750750750850493e+01 2.378564482794867558e+02
1.310310310310414827e+01 2.222652529548196298e+02
1.369869869869979162e+01 2.082570167541503849e+02
1.429429429429543497e+01 1.950970548328600387e+02
1.488988988989107831e+01 1.824296452658516898e+02
1.548548548548672166e+01 1.704578408327969612e+02
1.608108108108236323e+01 1.602609436221239037e+02
1.667667667667800657e+01 1.512677946544828842e+02
1.727227227227364992e+01 1.426471285820007324e+02
1.786786786786929326e+01 1.351655984837958044e+02
1.846346346346493661e+01 1.278632760414710390e+02
1.905905905906057995e+01 1.216992092514038148e+02
1.965465465465622330e+01 1.159500154715317990e+02
2.025025025025186665e+01 1.110379300368459639e+02
2.084584584584750999e+01 1.065511523393484197e+02
2.144144144144315334e+01 1.023218222650988309e+02
2.203703703703879668e+01 9.864995350754051628e+01
2.263263263263444003e+01 9.483029201626777649e+01
2.322822822823008337e+01 9.188674289949479146e+01
2.382382382382572672e+01 8.926046697972184063e+01
2.441941941942136651e+01 8.666785153220681082e+01
2.501501501501700986e+01 8.454060174479629097e+01
2.561061061061265320e+01 8.248037706481085252e+01
2.620620620620829655e+01 8.073024579753045771e+01
2.680180180180393990e+01 7.932099517653969656e+01
2.739739739739958324e+01 7.788080710333747447e+01
2.799299299299522659e+01 7.676931689536735348e+01
2.858858858859086993e+01 7.558727610416902110e+01
2.918418418418651328e+01 7.460600802772923146e+01
2.977977977978215662e+01 7.378341907546634104e+01
3.037537537537779997e+01 7.306107664696963866e+01
3.097097097097344331e+01 7.235325854863876316e+01
3.156656656656908666e+01 7.157401926572933348e+01
3.216216216216472645e+01 7.103406532899832371e+01
3.275775775776037335e+01 7.021100472389383640e+01
3.335335335335601314e+01 6.958286959625954182e+01
3.394894894895166004e+01 6.887415810690986007e+01
3.454454454454729984e+01 6.827676800319126471e+01
3.514014014014294673e+01 6.770759438431781518e+01
3.573573573573858653e+01 6.721686403118833653e+01
3.633133133133423343e+01 6.685127750868649343e+01
3.692692692692987322e+01 6.643981713664774702e+01
3.752252252252552012e+01 6.605620162963867870e+01
3.811811811812115991e+01 6.568068279187703240e+01
3.871371371371679970e+01 6.517288420818469774e+01
3.930930930931244660e+01 6.480973548889160440e+01
3.990490490490808639e+01 6.461194867008137521e+01
4.050050050050373329e+01 6.428818994707765455e+01
4.109609609609937309e+01 6.393174529075622559e+01
4.169169169169501998e+01 6.369661147253854239e+01
4.228728728729065978e+01 6.334603424607036004e+01
4.288288288288630667e+01 6.307662285168965610e+01
4.347847847848194647e+01 6.260551245459194547e+01
4.407407407407759337e+01 6.216538814018512937e+01
4.466966966967323316e+01 6.175554420567360125e+01
4.526526526526888006e+01 6.134241066773732598e+01
4.586086086086451985e+01 6.094183636480762090e+01
4.645645645646016675e+01 6.058486954504702027e+01
4.705205205205580654e+01 6.013614363055075529e+01
4.764764764765145344e+01 5.972976240744957721e+01
4.824324324324709323e+01 5.935191458892822425e+01
4.883883883884273303e+01 5.874450525596959949e+01
4.943443443443837992e+01 5.825159644323682073e+01
5.003003003003401972e+01 5.771038009159600790e+01
5.062562562562966662e+01 5.717572766324899192e+01
5.122122122122530641e+01 5.660904074416441034e+01
5.181681681682095331e+01 5.621263058289237335e+01
5.241241241241659310e+01 5.571593614388968518e+01
5.300800800801224000e+01 5.522107557296752844e+01
5.360360360360787979e+01 5.492988931959953902e+01
5.419919919920352669e+01 5.459405386447906494e+01
5.479479479479916648e+01 5.434006687690471438e+01
5.539039039039481338e+01 5.407913806340465612e+01
5.598598598599045317e+01 5.366177278443386456e+01
5.658158158158610007e+01 5.341671289904364528e+01
5.717717717718173986e+01 5.307711666107177706e+01
5.777277277277737966e+01 5.284683209431322126e+01
5.836836836837302656e+01 5.250881134836297548e+01
5.896396396396866635e+01 5.232166768897393894e+01
5.955955955956431325e+01 5.219594668087206202e+01
6.015515515515995304e+01 5.201975747188890153e+01
6.075075075075559994e+01 5.182781737783680853e+01
6.134634634635123973e+01 5.147435909662491582e+01
6.194194194194688663e+01 5.121817939054398039e+01
6.253753753754252642e+01 5.077043693850499295e+01
6.313313313313817332e+01 5.052013793484918125e+01
6.372872872873381311e+01 5.001001960890634024e+01
6.432432432432945291e+01 4.952685329138514447e+01
6.491991991992510691e+01 4.904365143023039053e+01
6.551551551552074670e+01 4.842907232461973877e+01
6.611111111111638650e+01 4.790083326763576821e+01
6.670670670671202629e+01 4.740742787497384114e+01
6.730230230230766608e+01 4.706126741880780884e+01
6.789789789790332009e+01 4.643851530423728491e+01
6.849349349349895988e+01 4.592823129230075097e+01
6.908908908909459967e+01 4.546994622726014512e+01
6.968468468469023946e+01 4.476895447917606674e+01
7.028028028028589347e+01 4.412367483402820056e+01
7.087587587588153326e+01 4.344450106444182325e+01
7.147147147147717305e+01 4.298045483548590795e+01
7.206706706707281285e+01 4.236044343658115707e+01
7.266266266266846685e+01 4.173915490461754985e+01
7.325825825826410664e+01 4.105003037498992313e+01
7.385385385385974644e+01 4.051432686156415031e+01
7.444944944945538623e+01 3.993838962233892431e+01
7.504504504505104023e+01 3.941661715381359699e+01
7.564064064064668003e+01 3.881133815353992134e+01
7.623623623624231982e+01 3.814011221950494246e+01
7.683183183183795961e+01 3.758306852815115207e+01
7.742742742743359941e+01 3.694549673625400743e+01
7.802302302302925341e+01 3.652409074802209688e+01
7.861861861862489320e+01 3.578315197096930689e+01
7.921421421422053299e+01 3.515482109982820447e+01
7.980980980981617279e+01 3.461719161748886364e+01
8.040540540541182679e+01 3.401245298602363931e+01
8.100100100100746658e+01 3.354011720782714434e+01
8.159659659660310638e+01 3.288108262009576777e+01
8.219219219219874617e+01 3.234491631499043507e+01
8.278778778779440017e+01 3.189358815117061496e+01
8.338338338339003997e+01 3.146864972198218524e+01
8.397897897898567976e+01 3.097916536812388699e+01
8.457457457458131955e+01 3.064891609123774785e+01
8.517017017017697356e+01 3.023488598505656100e+01
8.576576576577261335e+01 2.979427601161755845e+01
8.636136136136825314e+01 2.940685056621192928e+01
8.695695695696389294e+01 2.892451826801384129e+01
8.755255255255953273e+01 2.859174301331503187e+01
8.814814814815518673e+01 2.815966545032853929e+01
8.874374374375082652e+01 2.786188118134514724e+01
8.933933933934646632e+01 2.757828677857475341e+01
8.993493493494210611e+01 2.723364081797392444e+01
9.053053053053776011e+01 2.694574827542070494e+01
9.112612612613339991e+01 2.652848218764937016e+01
9.172172172172903970e+01 2.623691553115844854e+01
9.231731731732467949e+01 2.592257260282834253e+01
9.291291291292033350e+01 2.551846813764728594e+01
9.350850850851597329e+01 2.511076448290955909e+01
9.410410410411161308e+01 2.475009731849034722e+01
9.469969969970725288e+01 2.453830882930755664e+01
9.529529529530290688e+01 2.446607649278830721e+01
9.589089089089854667e+01 2.431751327623020487e+01
9.648648648649418647e+01 2.406313248723745346e+01
9.708208208208982626e+01 2.394014004531155493e+01
9.767767767768546605e+01 2.368914091220268858e+01
9.827327327328112005e+01 2.361693016965259773e+01
9.886886886887675985e+01 2.341354328173178345e+01
9.946446446447239964e+01 2.325661044454760074e+01
1.000600600600680394e+02 2.321155462414026260e+01
1.006556556556636934e+02 2.304303477715401627e+01
1.012512512512593332e+02 2.282760864385441835e+01
1.018468468468549730e+02 2.263376093705495151e+01
1.024424424424506128e+02 2.250582768684042989e+01
1.030380380380462668e+02 2.237393941896424820e+01
1.036336336336419066e+02 2.222205230303189438e+01
1.042292292292375464e+02 2.211402157500938159e+01
1.048248248248331862e+02 2.208080367819010803e+01
1.054204204204288260e+02 2.207702337947718618e+01
1.060160160160244800e+02 2.193106960339678579e+01
1.066116116116201198e+02 2.193568490928327464e+01
1.072072072072157596e+02 2.189523994879602142e+01
1.078028028028113994e+02 2.184727227604472688e+01
1.083983983984070534e+02 2.169402979416389954e+01
1.089939939940026932e+02 2.175329349316707450e+01
1.095895895895983330e+02 2.186036177604429298e+01
1.101851851851939728e+02 2.180470475921892159e+01
1.107807807807896268e+02 2.163432206670443136e+01
1.113763763763852666e+02 2.167911803356209788e+01
1.119719719719809063e+02 2.166779482445201310e+01
1.125675675675765461e+02 2.170608732349252179e+01
1.131631631631722001e+02 2.162768634093687936e+01
1.137587587587678399e+02 2.158044953804451183e+01
1.143543543543634797e+02 2.171580820059289607e+01
1.149499499499591195e+02 2.162711637753706739e+01
1.155455455455547593e+02 2.159315052558745762e+01
1.161411411411504133e+02 2.140900065386906803e+01
1.167367367367460531e+02 2.131360986561347204e+01
1.173323323323416929e+02 2.132550440426745553e+01
1.179279279279373327e+02 2.113059021215590150e+01
1.185235235235329867e+02 2.115421684299196414e+01
1.191191191191286265e+02 2.097762126539960192e+01
1.197147147147242663e+02 2.096111093022676641e+01
1.203103103103199061e+02 2.089021719424955137e+01
1.209059059059155601e+02 2.077564047689897464e+01
1.215015015015111999e+02 2.070232487401751698e+01
1.220970970971068397e+02 2.043509920654874890e+01
1.226926926927024795e+02 2.034139888648745398e+01
1.232882882882981335e+02 2.023778430888989277e+01
1.238838838838937733e+02 2.018364034750670299e+01
1.244794794794894131e+02 2.009469380115438852e+01
1.250750750750850528e+02 1.990296639029572745e+01
1.256706706706806926e+02 1.987951878553328200e+01
1.262662662662763466e+02 1.968376053807264370e+01
1.268618618618719864e+02 1.962980984789984618e+01
1.274574574574676262e+02 1.949123496455805693e+01
1.280530530530632802e+02 1.946948332728936393e+01
1.286486486486589058e+02 1.945978080399463650e+01
1.292442442442545598e+02 1.924202244434245657e+01
1.298398398398502138e+02 1.915011929059098961e+01
1.304354354354458394e+02 1.900249843376909453e+01
1.310310310310414934e+02 1.906753683710373792e+01
1.316266266266371190e+02 1.896868709882555848e+01
1.322222222222327730e+02 1.892782995874962282e+01
1.328178178178284270e+02 1.893615279156108144e+01
1.334134134134240526e+02 1.890370936333800245e+01
1.340090090090197066e+02 1.884851642426925267e+01
1.346046046046153322e+02 1.867216732227400300e+01
1.352002002002109862e+02 1.858415894757556330e+01
1.357957957958066402e+02 1.859230006594960116e+01
1.363913913914022658e+02 1.852809371189637488e+01
1.369869869869979198e+02 1.849539113657815292e+01
1.375825825825935738e+02 1.839317357639471595e+01
1.381781781781891993e+02 1.840016236219852885e+01
1.387737737737848533e+02 1.845469665332980824e+01
1.393693693693804789e+02 1.845385836230384058e+01
1.399649649649761329e+02 1.859052451231472958e+01
1.405605605605717869e+02 1.866383217508728265e+01
1.411561561561674125e+02 1.868504346169923380e+01
1.417517517517630665e+02 1.877401293292846773e+01
1.423473473473587205e+02 1.881629387506594142e+01
1.429429429429543461e+02 1.901367308972963244e+01
1.435385385385500001e+02 1.904265663377484330e+01
1.441341341341456257e+02 1.913902868750175301e+01
1.447297297297412797e+02 1.922631298833423230e+01
1.453253253253369337e+02 1.931245121513445184e+01
1.459209209209325593e+02 1.945230425746447267e+01
1.465165165165282133e+02 1.942153939693281117e+01
1.471121121121238389e+02 1.937894761500580998e+01
1.477077077077194929e+02 1.940507276364022005e+01
1.483033033033151469e+02 1.938919742515934530e+01
1.488988988989107725e+02 1.933493408161340454e+01
1.494944944945064265e+02 1.924218740463256694e+01
1.500900900901020805e+02 1.921136196157600295e+01
1.506856856856977060e+02 1.918083066721657559e+01
1.512812812812933601e+02 1.894234587193125563e+01
1.518768768768889856e+02 1.892148092756130495e+01
1.524724724724846396e+02 1.885820224589871330e+01
1.530680680680802936e+02 1.875263845740850144e+01
1.536636636636759192e+02 1.858111095255699752e+01
1.542592592592715732e+02 1.855194453133477239e+01
1.548548548548671988e+02 1.839570727435554076e+01
1.554504504504628528e+02 1.828911209397199755e+01
1.560460460460585068e+02 1.801623612598781321e+01
1.566416416416541324e+02 1.785051435995217162e+01
1.572372372372497864e+02 1.770522128416270746e+01
1.578328328328454404e+02 1.752660696719173927e+01
1.584284284284410660e+02 1.739316353123250991e+01
1.590240240240367200e+02 1.712429354655055036e+01
1.596196196196323456e+02 1.704673617075536995e+01
1.602152152152279996e+02 1.692992350565789650e+01
1.608108108108236536e+02 1.674419356819012705e+01
1.614064064064192792e+02 1.650786721209685126e+01
1.620020020020149332e+02 1.640410799450344470e+01
1.625975975976105588e+02 1.634482036346015832e+01
1.631931931932062128e+02 1.624865739661935393e+01
1.637887887888018668e+02 1.599166091723679450e+01
1.643843843843974923e+02 1.589893441756197667e+01
1.649799799799931463e+02 1.563771053606813588e+01
1.655755755755888003e+02 1.554602060903052596e+01
1.661711711711844259e+02 1.536551430132623608e+01
1.667667667667800799e+02 1.525464226298802650e+01
1.673623623623757055e+02 1.511447156760670651e+01
1.679579579579713595e+02 1.498896830992118723e+01
1.685535535535670135e+02 1.485811586089381819e+01
1.691491491491626391e+02 1.475028561232898738e+01
1.697447447447582931e+02 1.456573307461208699e+01
1.703403403403539471e+02 1.440498863218052250e+01
1.709359359359495727e+02 1.428453354465278835e+01
1.715315315315452267e+02 1.402066508792670341e+01
1.721271271271408523e+02 1.394766581136586936e+01
1.727227227227365063e+02 1.380467510979662649e+01
1.733183183183321603e+02 1.360954427583032533e+01
1.739139139139277859e+02 1.341240257951391790e+01
1.745095095095234399e+02 1.319389941119680287e+01
1.751051051051190655e+02 1.298496651688179426e+01
1.757007007007147195e+02 1.286528950757954348e+01
1.762962962963103735e+02 1.263306815593929677e+01
1.768918918919059990e+02 1.255145360964958812e+01
1.774874874875016530e+02 1.228036243475029998e+01
1.780830830830973071e+02 1.210898528375432015e+01
1.786786786786929326e+02 1.187407975819262340e+01
1.792742742742885866e+02 1.162878995303901242e+01
1.798698698698842122e+02 1.152011815358778080e+01
1.804654654654798662e+02 1.126919006222432174e+01
1.810610610610755202e+02 1.114259367263266753e+01
1.816566566566711458e+02 1.087650624915282727e+01
1.822522522522667998e+02 1.063386100116652422e+01
1.828478478478624254e+02 1.041605720458667506e+01
1.834434434434580794e+02 1.027707407531526940e+01
1.840390390390537334e+02 1.017882137400882137e+01
1.846346346346493590e+02 9.964346337176689161e+00
1.852302302302450130e+02 9.729642941418807922e+00
1.858258258258406670e+02 9.545346304344461075e+00
1.864214214214362926e+02 9.363076770840955021e+00
1.870170170170319466e+02 9.165677542398229960e+00
1.876126126126275722e+02 8.971939025108838450e+00
1.882082082082232262e+02 8.796018136001368504e+00
1.888038038038188802e+02 8.642739619613664104e+00
1.893993993994145058e+02 8.443610771363825762e+00
1.899949949950101598e+02 8.264525770565054330e+00
1.905905905906058138e+02 8.131276705234837365e+00
1.911861861862014393e+02 8.039656726064368542e+00
1.917817817817970933e+02 7.893935443358635951e+00
1.923773773773927189e+02 7.724830914884474709e+00
1.929729729729883729e+02 7.523701339728608772e+00
1.935685685685840269e+02 7.445967446392232070e+00
1.941641641641796525e+02 7.264710920510900394e+00
1.947597597597753065e+02 7.066418555189788897e+00
1.953553553553709321e+02 6.907177755408562270e+00
1.959509509509665861e+02 6.746318276789163626e+00
1.965465465465622401e+02 6.536338906099580903e+00
1.971421421421578657e+02 6.363661689696616719e+00
1.977377377377535197e+02 6.276875823153662992e+00
1.983333333333491737e+02 6.133381139170119845e+00
1.989289289289447993e+02 5.939264860450921724e+00
1.995245245245404533e+02 5.755115103533377408e+00
2.001201201201360789e+02 5.690279385107756660e+00
2.007157157157317329e+02 5.616166639520875137e+00
2.013113113113273869e+02 5.588049768702952669e+00
2.019069069069230125e+02 5.433053501623458459e+00
2.025025025025186665e+02 5.357709572841406143e+00
2.030980980981142920e+02 5.129782196524791615e+00
2.036936936937099460e+02 4.968674482840827800e+00
2.042892892893056001e+02 4.751766357977921906e+00
2.048848848849012256e+02 4.575931433080633326e+00
2.054804804804968796e+02 4.578590926171670183e+00
2.060760760760925336e+02 4.360987687175946093e+00
2.066716716716881592e+02 4.237098936296797014e+00
2.072672672672838132e+02 4.073941264033249077e+00
2.078628628628794388e+02 3.850556546508350220e+00
2.084584584584750928e+02 3.763306949942515356e+00
2.090540540540707468e+02 3.505466225612415165e+00
2.096496496496663724e+02 3.391366038720308396e+00
2.102452452452620264e+02 3.118401832253796080e+00
2.108408408408576520e+02 2.877324845915485874e+00
2.114364364364533060e+02 2.665828246746834829e+00
2.120320320320489600e+02 2.446168395531024942e+00
2.126276276276445856e+02 2.358915639413674548e+00
2.132232232232402396e+02 2.124673456381899861e+00
2.138188188188358936e+02 2.099000512775301086e+00
2.144144144144315192e+02 1.932942892564490922e+00
2.150100100100271732e+02 1.820245433792085699e+00
2.156056056056227987e+02 1.815646410986775816e+00
2.162012012012184528e+02 1.565515471440994677e+00
2.167967967968141068e+02 1.484757831287375041e+00
2.173923923924097323e+02 1.249803314796540832e+00
2.179879879880053863e+02 1.130872997448427064e+00
2.185835835836010403e+02 1.100891177866109683e+00
2.191791791791966659e+02 9.167621468233236870e-01
2.197747747747923199e+02 8.930440007064623931e-01
2.203703703703879455e+02 7.067558382350774826e-01
2.209659659659835995e+02 6.755393030062304405e-01
2.215615615615792535e+02 6.141262922317087813e-01
2.221571571571748791e+02 4.936155623418327365e-01
2.227527527527705331e+02 4.834854520655547661e-01
2.233483483483661587e+02 2.874132460910696074e-01
2.239439439439618127e+02 2.328641048361191346e-01
2.245395395395574667e+02 5.889115319951088168e-02
2.251351351351530923e+02 -9.041589154985990584e-02
2.257307307307487463e+02 -5.945273350410085894e-02
2.263263263263444003e+02 -2.518063030170383798e-01
2.269219219219400259e+02 -2.870437171010560284e-01
2.275175175175356799e+02 -4.482006518610883727e-01
2.281131131131313055e+02 -4.627521345610148273e-01
2.287087087087269595e+02 -5.019982553322487329e-01
2.293043043043226135e+02 -6.654628089707882443e-01
2.298998998999182390e+02 -6.602800095478142950e-01
2.304954954955138930e+02 -6.881252330730300848e-01
2.310910910911095186e+02 -7.377682566219329052e-01
2.316866866867051726e+02 -7.724909758320924746e-01
2.322822822823008266e+02 -8.245612252830333277e-01
2.328778778778964522e+02 -7.853569172099932327e-01
2.334734734734921062e+02 -8.787987457594087504e-01
2.340690690690877602e+02 -9.003177295336753927e-01
2.346646646646833858e+02 -9.638155576584825912e-01
2.352602602602790398e+02 -9.915453082460100598e-01
2.358558558558746654e+02 -9.619008743850216980e-01
2.364514514514703194e+02 -1.102636125607732831e+00
2.370470470470659734e+02 -1.043224626602095251e+00
2.376426426426615990e+02 -1.059153126627462971e+00
2.382382382382572530e+02 -1.074660649322029871e+00
2.388338338338528786e+02 -9.981445541980974445e-01
2.394294294294485326e+02 -1.083252368623709883e+00
2.400250250250441866e+02 -9.506800606621231831e-01
2.406206206206398122e+02 -1.007006776884678656e+00
2.412162162162354662e+02 -9.930842254717286988e-01
2.418118118118311202e+02 -9.753301239604246220e-01
2.424074074074267457e+02 -1.065624311685620773e+00
2.430030030030223998e+02 -1.023285526832109049e+00
2.435985985986180253e+02 -1.024993246670053315e+00
2.441941941942136793e+02 -1.054026486260753570e+00
2.447897897898093333e+02 -1.001207243016613679e+00
2.453853853854049589e+02 -9.911644763258146140e-01
2.459809809810006129e+02 -8.344568500321460913e-01
2.465765765765962669e+02 -7.576957835467862390e-01
2.471721721721918925e+02 -7.845373391552563636e-01
2.477677677677875465e+02 -5.868257492381868667e-01
2.483633633633831721e+02 -5.119596443788255735e-01
2.489589589589788261e+02 -3.813355077892746081e-01
2.495545545545744801e+02 -2.228834800837562746e-01
2.501501501501701057e+02 -1.740007141492110609e-01
2.507457457457657597e+02 -1.361687614485231762e-02
2.513413413413613853e+02 9.676397827208707558e-02
2.519369369369570393e+02 1.464198835736186255e-01
2.525325325325526933e+02 2.439397788719165350e-01
2.531281281281483189e+02 2.310182819574904400e-01
2.537237237237439729e+02 3.237843665766441670e-01
2.543193193193396269e+02 3.717672253725921583e-01
2.549149149149352525e+02 3.299121272831205820e-01
2.555105105105309065e+02 3.746033912971129531e-01
2.561061061061265605e+02 3.172399787771247870e-01
2.567017017017221860e+02 1.697929797688168541e-01
2.572972972973178116e+02 4.423444588360975205e-02
2.578928928929134941e+02 -8.695307476439564920e-02
2.584884884885091196e+02 -1.314305113417609250e-01
2.590840840841047452e+02 -2.375562308396086397e-01
2.596796796797004276e+02 -2.914845257747662455e-01
2.602752752752960532e+02 -3.366401062264917643e-01
2.608708708708916788e+02 -3.979612597860299195e-01
2.614664664664873044e+02 -3.932735748249771568e-01
2.620620620620829868e+02 -3.874489555133637242e-01
2.626576576576786124e+02 -4.424202844924565725e-01
2.632532532532742380e+02 -4.183729727014985356e-01
2.638488488488699204e+02 -4.281296451184926077e-01
2.644444444444655460e+02 -3.266094569115204904e-01
2.650400400400611716e+02 -3.720398415052318386e-01
2.656356356356568540e+02 -3.547509244177160515e-01
2.662312312312524796e+02 -3.656544301836937572e-01
2.668268268268481052e+02 -3.995976290259564134e-01
2.674224224224437876e+02 -2.347276547217174714e-01
2.680180180180394132e+02 -2.637875077917283262e-01
2.686136136136350387e+02 -2.339419169506215812e-01
2.692092092092306643e+02 -2.703358338778353853e-01
2.698048048048263468e+02 -2.459806991152777567e-01
2.704004004004219723e+02 -2.070054355799900436e-01
2.709959959960175979e+02 -2.575548146934041882e-01
2.715915915916132803e+02 -2.040717157083286049e-01
2.721871871872089059e+02 -2.254884603011265143e-01
2.727827827828045315e+02 -2.488210109877805332e-01
2.733783783784002139e+02 -2.061598714829810663e-01
2.739739739739958395e+02 -2.090528525996786513e-01
2.745695695695914651e+02 -1.938011467043793123e-01
2.751651651651871475e+02 -2.925141037905430452e-01
2.757607607607827731e+02 -2.035862137466250277e-01
2.763563563563783987e+02 -1.797386355447412598e-01
2.769519519519740243e+02 -2.037843488416736515e-01
2.775475475475697067e+02 -1.638519227795925404e-01
2.781431431431653323e+02 -2.423827517591190805e-01
2.787387387387609579e+02 -1.280984961295208446e-01
2.793343343343566403e+02 -1.531961127771140352e-01
2.799299299299522659e+02 -1.806415774974898802e-01
2.805255255255478914e+02 -1.644203863298212831e-01
2.811211211211435739e+02 -1.978226284117341194e-01
2.817167167167391995e+02 -9.820449977933831676e-02
2.823123123123348250e+02 -1.970868073613536997e-01
2.829079079079305075e+02 -2.002792417013706527e-01
2.835035035035261330e+02 -2.892972580124094084e-01
2.840990990991217586e+02 -3.312128490985249973e-01
2.846946946947174411e+02 -2.694171145076586504e-01
2.852902902903130666e+02 -3.833825118436800516e-01
2.858858858859086922e+02 -3.036796763945235900e-01
2.864814814815043178e+02 -3.466993713231044660e-01
2.870770770771000002e+02 -4.063926254542659100e-01
2.876726726726956258e+02 -4.323357481820142012e-01
2.882682682682912514e+02 -4.987017171344803601e-01
2.888638638638869338e+02 -5.453086018572694815e-01
2.894594594594825594e+02 -6.157389594849538295e-01
2.900550550550781850e+02 -6.546874727824578688e-01
2.906506506506738674e+02 -6.785191395085059529e-01
2.912462462462694930e+02 -7.559317256307893640e-01
2.918418418418651186e+02 -8.025713601128169339e-01
2.924374374374608010e+02 -8.148357699591195491e-01
2.930330330330564266e+02 -8.101530690795825107e-01
2.936286286286520522e+02 -8.296644291147972083e-01
2.942242242242476777e+02 -9.165546113323624899e-01
2.948198198198433602e+02 -9.056067771331709482e-01
2.954154154154389857e+02 -9.613309317345457572e-01
2.960110110110346113e+02 -1.025846952849980287e+00
2.966066066066302938e+02 -9.749600649253908902e-01
2.972022022022259193e+02 -1.067800139805106019e+00
2.977977977978215449e+02 -1.034853094321179556e+00
2.983933933934172273e+02 -9.899352195929919107e-01
2.989889889890128529e+02 -1.011382186462158828e+00
2.995845845846084785e+02 -9.275321852137564660e-01
3.001801801802041609e+02 -9.530453841325924325e-01
3.007757757757997865e+02 -9.985650902439120458e-01
3.013713713713954121e+02 -1.064143730356461814e+00
3.019669669669910377e+02 -1.107759164181558953e+00
3.025625625625867201e+02 -1.105272371640553919e+00
3.031581581581823457e+02 -1.140406811886314209e+00
3.037537537537779713e+02 -1.145879017608664396e+00
3.043493493493736537e+02 -1.177848541619265443e+00
3.049449449449692793e+02 -1.168457290521991432e+00
3.055405405405649049e+02 -1.185393805795098787e+00
3.061361361361605873e+02 -1.238999103329196050e+00
3.067317317317562129e+02 -1.120786618688526026e+00
3.073273273273518384e+02 -1.119399037599347446e+00
3.079229229229475209e+02 -1.069940384925161192e+00
3.085185185185431465e+02 -9.289081243987221681e-01
3.091141141141387720e+02 -9.207817485073308550e-01
3.097097097097343976e+02 -8.065517705397348136e-01
3.103053053053300800e+02 -9.239749777865864377e-01
3.109009009009257056e+02 -8.672736666503197966e-01
3.114964964965213312e+02 -8.011945537791094196e-01
3.120920920921170136e+02 -8.178120736542395797e-01
3.126876876877126392e+02 -8.015616591918823808e-01
3.132832832833082648e+02 -7.865963540536492493e-01
3.138788788789039472e+02 -6.666377598722578179e-01
3.144744744744995728e+02 -6.444365237327236429e-01
3.150700700700951984e+02 -6.902521959760660186e-01
3.156656656656908808e+02 -5.955412458318508628e-01
3.162612612612865064e+02 -6.465461631630002870e-01
3.168568568568821320e+02 -6.808206871391009329e-01
3.174524524524777576e+02 -6.836594812372562835e-01
3.180480480480734400e+02 -7.010494247639983412e-01
3.186436436436690656e+02 -6.919555297804338423e-01
3.192392392392646912e+02 -7.261858465271712193e-01
3.198348348348603736e+02 -7.946160254397149902e-01
3.204304304304559992e+02 -7.690605580242970696e-01
3.210260260260516247e+02 -7.665825271997841472e-01
3.216216216216473072e+02 -7.931874662521295472e-01
3.222172172172429327e+02 -7.903678040396642235e-01
3.228128128128385583e+02 -8.033686948759761748e-01
3.234084084084342408e+02 -7.342795243852445752e-01
3.240040040040298663e+02 -6.901360578717147254e-01
3.245995995996254919e+02 -5.279517894460269423e-01
3.251951951952211175e+02 -3.530564840372843460e-01
3.257907907908167999e+02 -3.078474917278562484e-01
3.263863863864124255e+02 -1.710390954025240995e-01
3.269819819820080511e+02 -1.381839201154984043e-01
3.275775775776037335e+02 -1.340914282910036712e-02
3.281731731731993591e+02 1.417561317535753762e-01
3.287687687687949847e+02 1.205949669584552852e-01
3.293643643643906671e+02 1.928915752351474944e-01
3.299599599599862927e+02 2.195222640105090328e-01
3.305555555555819183e+02 2.806384054799439531e-01
3.311511511511776007e+02 2.929603108099831932e-01
3.317467467467732263e+02 2.637122779910252568e-01
3.323423423423688519e+02 1.726748800092181291e-01
3.329379379379645343e+02 1.025516904906108306e-01
3.335335335335601599e+02 7.433346390875764098e-02
3.341291291291557854e+02 -3.604295353629979881e-02
3.347247247247514110e+02 -8.910226716226829491e-02
3.353203203203470935e+02 -8.780157812216932145e-02
3.359159159159427190e+02 -2.820815494496710651e-01
3.365115115115383446e+02 -3.500699252857917276e-01
3.371071071071340270e+02 -3.753758114065167129e-01
3.377027027027296526e+02 -4.578708498045446218e-01
3.382982982983252782e+02 -4.133066018598411939e-01
3.388938938939209606e+02 -5.205820735873809557e-01
3.394894894895165862e+02 -4.527124208807323247e-01
3.400850850851122118e+02 -3.978705620410658006e-01
3.406806806807078942e+02 -4.025200336366521747e-01
3.412762762763035198e+02 -3.548930722572115615e-01
3.418718718718991454e+02 -3.611268457455513170e-01
3.424674674674947710e+02 -3.473358126597677065e-01
3.430630630630904534e+02 -3.016036437250952940e-01
3.436586586586860790e+02 -3.277180625510081602e-01
3.442542542542817046e+02 -2.866740197311071769e-01
3.448498498498773870e+02 -2.581916577429901882e-01
3.454454454454730126e+02 -1.108868407126454292e-01
3.460410410410686382e+02 -1.521021477523525900e-01
3.466366366366643206e+02 -7.812958570414063608e-02
3.472322322322599462e+02 3.830853491636861379e-03
3.478278278278555717e+02 1.301539360233148514e-02
3.484234234234512542e+02 1.256957218924325825e-01
3.490190190190468797e+02 2.711624423090466807e-02
3.496146146146425053e+02 5.611583692597738732e-02
3.502102102102381309e+02 6.722000341823257397e-02
3.508058058058338133e+02 -4.119937703406819501e-02
3.514014014014294389e+02 1.013698019884628349e-01
3.519969969970250645e+02 6.995787222956818645e-03
3.525925925926207469e+02 5.422489260556552504e-02
3.531881881882163725e+02 4.738979148321130486e-03
3.537837837838119981e+02 4.562841118837303485e-03
3.543793793794076805e+02 2.916848017624073044e-02
3.549749749750033061e+02 -7.758993692583085466e-02
3.555705705705989317e+02 5.974567185406858341e-03
3.561661661661946141e+02 -1.211700420705407594e-01
3.567617617617902397e+02 -1.599866555880931351e-01
3.573573573573858653e+02 -1.956800258317634433e-01
3.579529529529814909e+02 -3.057000059663610436e-01
3.585485485485771733e+02 -2.689104085267247091e-01
3.591441441441727989e+02 -4.495914150325402425e-01
3.597397397397684244e+02 -3.817773053339677536e-01
3.603353353353641069e+02 -4.209710491101004703e-01
3.609309309309597324e+02 -4.751512618631806295e-01
3.615265265265553580e+02 -4.001166183336856697e-01
3.621221221221510405e+02 -5.424539706454607479e-01
3.627177177177466660e+02 -5.407395425701594371e-01
3.633133133133422916e+02 -5.596351463603127518e-01
3.639089089089379740e+02 -4.996986388429904835e-01
3.645045045045335996e+02 -5.552962973685809933e-01
3.651001001001292252e+02 -7.177570217089982441e-01
3.656956956957248508e+02 -7.897920259382440467e-01
3.662912912913205332e+02 -8.286795701945594006e-01
3.668868868869161588e+02 -8.031444085358668827e-01
3.674824824825117844e+02 -7.739078513448789387e-01
3.680780780781074668e+02 -8.817576466369164701e-01
3.686736736737030924e+02 -7.932475945792203387e-01
3.692692692692987180e+02 -8.392881488954602176e-01
3.698648648648944004e+02 -8.179752414095673441e-01
3.704604604604900260e+02 -7.392002095238817683e-01
3.710560560560856516e+02 -7.586090197579109518e-01
3.716516516516813340e+02 -7.532278223954921303e-01
3.722472472472769596e+02 -7.382241790096514267e-01
3.728428428428725852e+02 -7.214768027445940257e-01
3.734384384384682107e+02 -6.651652654904016693e-01
3.740340340340638932e+02 -6.073333774563408616e-01
3.746296296296595187e+02 -4.966932109988064226e-01
3.752252252252551443e+02 -4.515234688083466508e-01
3.758208208208508267e+02 -4.676625255784342960e-01
3.764164164164464523e+02 -4.660784473550496076e-01
3.770120120120420779e+02 -4.921502502375651456e-01
3.776076076076377603e+02 -4.445560620429938603e-01
3.782032032032333859e+02 -4.612514009314424013e-01
3.787987987988290115e+02 -3.783934043133855285e-01
3.793943943944246939e+02 -4.559458132355357352e-01
3.799899899900203195e+02 -4.293722874054654026e-01
3.805855855856159451e+02 -3.439375204927108132e-01
3.811811811812116275e+02 -2.466307796287346421e-01
3.817767767768072531e+02 -1.464745187725119691e-01
3.823723723724028787e+02 -9.792845213362966206e-02
3.829679679679985043e+02 -6.580227171990876700e-02
3.835635635635941867e+02 3.562553717609318743e-02
3.841591591591898123e+02 1.353072570388014761e-01
3.847547547547854379e+02 1.894948447169548522e-01
3.853503503503811203e+02 2.411228666478388294e-01
3.859459459459767459e+02 2.494910567579738114e-01
3.865415415415723714e+02 3.705350673147478346e-01
3.871371371371680539e+02 4.152707202904893924e-01
3.877327327327636795e+02 4.922142006664950165e-01
3.883283283283593050e+02 4.823809454612891789e-01
3.889239239239549875e+02 5.239562807946424039e-01
3.895195195195506130e+02 5.700976020633865549e-01
3.901151151151462386e+02 5.834214649051023827e-01
3.907107107107418642e+02 6.478104632003445218e-01
3.913063063063375466e+02 6.400601070413725058e-01
3.919019019019331722e+02 6.505672203124712727e-01
3.924974974975287978e+02 6.065672006254297921e-01
3.930930930931244802e+02 5.668235767453863039e-01
3.936886886887201058e+02 5.405258697754459218e-01
3.942842842843157314e+02 4.743518459725931669e-01
3.948798798799114138e+02 4.298240136583705850e-01
3.954754754755070394e+02 3.512130938917255585e-01
3.960710710711026650e+02 3.217102167783062461e-01
3.966666666666983474e+02 2.321909698245410159e-01
3.972622622622939730e+02 1.697885659647881407e-01
3.978578578578895986e+02 1.448215324295419326e-01
3.984534534534852241e+02 5.963335507600490276e-02
3.990490490490809066e+02 3.978927425944386170e-02
3.996446446446765322e+02 -2.806362412467567138e-02
4.002402402402721577e+02 -8.620272137666611101e-02
4.008358358358678402e+02 -1.085189121649853122e-01
4.014314314314634657e+02 -1.292119741623943274e-01
4.020270270270590913e+02 -1.268295699120163544e-01
4.026226226226547737e+02 -1.442233970267782495e-01
4.032182182182503993e+02 -1.082513976853552301e-01
4.038138138138460249e+02 -1.297530256903177692e-01
4.044094094094417073e+02 -2.447178412386196988e-01
4.050050050050373329e+02 -2.057109013467299796e-01
4.056006006006329585e+02 -2.084651735643285320e-01
4.061961961962285841e+02 -1.993217995201641279e-01
4.067917917918242665e+02 -1.203383029901403528e-01
4.073873873874198921e+02 3.267168987408567565e-02
4.079829829830155177e+02 7.608008517591012543e-02
4.085785785786112001e+02 3.521099610283730946e-02
4.091741741742068257e+02 5.669807988185235348e-02
4.097697697698024513e+02 1.088517001095290343e-01
4.103653653653981337e+02 7.426837088858308233e-02
4.109609609609937593e+02 7.611856871201029551e-02
4.115565565565893849e+02 7.877166999276938308e-02
4.121521521521850673e+02 7.450796445753081476e-02
4.127477477477806929e+02 1.194136860845789183e-01
4.133433433433763184e+02 1.358051153939405231e-01
4.139389389389719440e+02 1.437551386921347707e-01
4.145345345345676265e+02 6.499182493898207624e-02
4.151301301301632520e+02 1.562735491960235978e-01
4.157257257257588776e+02 1.114997441782443199e-01
4.163213213213545600e+02 1.232639114611142478e-01
4.169169169169501856e+02 1.903031858446921076e-01
4.175125125125458112e+02 3.982710827542271237e-02
4.181081081081414936e+02 1.742476921727260375e-01
4.187037037037371192e+02 1.817514363158204416e-01
4.192992992993327448e+02 2.347695394429242799e-01
4.198948948949284272e+02 3.249086254061092638e-01
4.204904904905240528e+02 3.592075496366962106e-01
4.210860860861196784e+02 4.519114810129548632e-01
4.216816816817153040e+02 3.685619583817056899e-01
4.222772772773109864e+02 3.800259494051794751e-01
4.228728728729066120e+02 4.087040056104106478e-01
4.234684684685022376e+02 4.664741305033351382e-01
4.240640640640979200e+02 4.925853264960542988e-01
4.246596596596935456e+02 4.724387821562229250e-01
4.252552552552891711e+02 3.946376782431501584e-01
4.258508508508848536e+02 4.990833576321900833e-01
4.264464464464804792e+02 4.613453146835989060e-01
4.270420420420761047e+02 3.380623444683006351e-01
4.276376376376717872e+02 3.264679670291356084e-01
4.282332332332674127e+02 2.527957480458698503e-01
4.288288288288630383e+02 2.846680734965510995e-01
4.294244244244586639e+02 2.432074674032094763e-01
4.300200200200543463e+02 1.327849726444920719e-01
4.306156156156499719e+02 1.444863244741283193e-01
4.312112112112455975e+02 1.719178633535319023e-01
4.318068068068412799e+02 1.364524061507233210e-01
4.324024024024369055e+02 7.445793023323762916e-02
4.329979979980325311e+02 1.101751010799048719e-01
4.335935935936282135e+02 8.641990215279772569e-02
4.341891891892238391e+02 -1.155681145338066651e-02
4.347847847848194647e+02 3.048349464956575522e-03
4.353803803804151471e+02 -8.835186443908137066e-02
4.359759759760107727e+02 -5.248997455351459701e-02
4.365715715716063983e+02 -9.641283512550131995e-02
4.371671671672020807e+02 -1.246568622851842306e-01
4.377627627627977063e+02 -7.198265910147599866e-02
4.383583583583933319e+02 -1.148462101892467474e-01
4.389539539539889574e+02 -7.885004868625161700e-02
4.395495495495846399e+02 -8.570364196122431943e-02
4.401451451451802654e+02 -4.677060179772556114e-02
4.407407407407758910e+02 2.381174049741907606e-02
4.413363363363715735e+02 8.324249897791683589e-03
4.419319319319671990e+02 2.023858761546406537e-01
4.425275275275628246e+02 2.778887317396514511e-01
4.431231231231585070e+02 4.013818784554269992e-01
4.437187187187541326e+02 5.273307965539471009e-01
4.443143143143497582e+02 5.133136088596870206e-01
4.449099099099454406e+02 5.691102187109292609e-01
4.455055055055410662e+02 5.493423187958372811e-01
4.461011011011366918e+02 6.080024091309004231e-01
4.466966966967323174e+02 6.302255181970790598e-01
4.472922922923279998e+02 6.914776707999654715e-01
4.478878878879236254e+02 7.406425842541279891e-01
4.484834834835192510e+02 7.351624975418061814e-01
4.490790790791149334e+02 7.927836456393267950e-01
4.496746746747105590e+02 6.124709886729809982e-01
4.502702702703061846e+02 5.351976525022060782e-01
4.508658658659018670e+02 4.616176659701283214e-01
4.514614614614974926e+02 4.037040788271339387e-01
4.520570570570931181e+02 2.349220679771319986e-01
4.526526526526888006e+02 1.525360151169896372e-01
4.532482482482844262e+02 8.450500192439819314e-02
4.538438438438800517e+02 8.408044892688039396e-02
4.544394394394756773e+02 -2.448941084592891337e-02
4.550350350350713597e+02 -1.057909715567654091e-01
4.556306306306669853e+02 -1.018027859482746877e-01
4.562262262262626109e+02 -1.155780860165439433e-01
4.568218218218582933e+02 -8.681740652675216940e-02
4.574174174174539189e+02 -5.648519514809969416e-02
4.580130130130495445e+02 5.992841866468270884e-03
4.586086086086452269e+02 4.489819051910798331e-02
4.592042042042408525e+02 7.035260787752159461e-02
4.597997997998364781e+02 1.864110498127406201e-01
4.603953953954321605e+02 2.881669295185857460e-01
4.609909909910277861e+02 3.552504315911562682e-01
4.615865865866234117e+02 4.455467501005632158e-01
4.621821821822190373e+02 3.283539246792475108e-01
4.627777777778147197e+02 3.640429974123778334e-01
4.633733733734103453e+02 4.332037711686715364e-01
4.639689689690059708e+02 4.239910795098307816e-01
4.645645645646016533e+02 4.338804248139763176e-01
4.651601601601972789e+02 4.107760654712104276e-01
4.657557557557929044e+02 3.956410803660792563e-01
4.663513513513885869e+02 4.530638648438375937e-01
4.669469469469842124e+02 3.267338497321884971e-01
4.675425425425798380e+02 3.782096905197130932e-01
4.681381381381755205e+02 2.962474223433026466e-01
4.687337337337711460e+02 2.148090083619594581e-01
4.693293293293667716e+02 1.990863710201720704e-01
4.699249249249623972e+02 1.169645921087495155e-01
4.705205205205580796e+02 1.613106676801290829e-01
4.711161161161537052e+02 1.905216959707867197e-02
4.717117117117493308e+02 1.323516018292153484e-01
4.723073073073450132e+02 1.179607105234725811e-01
4.729029029029406388e+02 -5.883800555998566426e-04
4.734984984985362644e+02 -1.690172187534641837e-02
4.740940940941319468e+02 -3.718048493785066928e-03
4.746896896897275724e+02 1.359601385813897015e-02
4.752852852853231980e+02 3.591625479224201667e-02
4.758808808809188804e+02 6.514423269802029071e-02
4.764764764765145060e+02 1.295490022563714760e-01
4.770720720721101316e+02 1.616788226951396124e-01
4.776676676677057571e+02 1.995685183693131082e-01
4.782632632633014396e+02 2.535028200101153151e-01
4.788588588588970651e+02 3.093342086922319933e-01
4.794544544544926907e+02 3.800102808592302206e-01
4.800500500500883732e+02 2.656980320968239107e-01
4.806456456456839987e+02 2.488789811091933757e-01
4.812412412412796243e+02 2.184650544152910712e-01
4.818368368368753067e+02 3.010425367769400395e-01
4.824324324324709323e+02 3.312559161368000549e-01
4.830280280280665579e+02 2.264085900540714069e-01
4.836236236236622403e+02 3.882220429030731057e-01
4.842192192192578659e+02 3.653727366199999160e-01
4.848148148148534915e+02 3.874701192044283649e-01
4.854104104104491739e+02 3.904525878225110769e-01
4.860060060060447995e+02 3.048190690765344990e-01
4.866016016016404251e+02 3.221928868753283215e-01
4.871971971972360507e+02 2.237454285803109344e-01
4.877927927928317331e+02 3.275515069109652400e-01
4.883883883884273587e+02 2.953852854557642016e-01
4.889839839840229843e+02 3.118742385329002498e-01
4.895795795796186667e+02 2.948551523232172955e-01
4.901751751752142923e+02 2.084756583281203168e-01
4.907707707708099178e+02 2.700919168850783314e-01
4.913663663664056003e+02 2.303395740631159483e-01
4.919619619620012259e+02 2.240519634054588261e-01
4.925575575575968514e+02 2.752054760196239180e-01
4.931531531531925339e+02 2.192130346719410317e-01
4.937487487487881594e+02 3.028964950851578686e-01
4.943443443443837850e+02 1.779485647356196243e-01
4.949399399399794106e+02 1.799931818672660389e-01
4.955355355355750930e+02 2.114427246472825039e-01
4.961311311311707186e+02 1.766597374301223655e-01
4.967267267267663442e+02 2.913485270505193347e-01
4.973223223223620266e+02 3.344348689318822343e-01
4.979179179179576522e+02 5.022656624047107110e-01
4.985135135135532778e+02 5.833578842913943463e-01
4.991091091091489602e+02 5.619698641907137082e-01
4.997047047047445858e+02 5.926100393644931907e-01
5.003003003003402114e+02 6.478760978453694808e-01
5.008958958959358938e+02 6.457998911610158821e-01
5.014914914915315194e+02 7.293953469737227691e-01
5.020870870871271450e+02 6.992147099009032862e-01
5.026826826827227706e+02 7.722731572280626677e-01
5.032782782783184530e+02 7.630223160266107474e-01
5.038738738739140786e+02 7.551199336836709186e-01
5.044694694695097041e+02 7.044634126570245014e-01
5.050650650651053866e+02 7.538405182926429804e-01
5.056606606607010121e+02 9.005261137859325027e-01
5.062562562562966377e+02 8.932962170145315461e-01
5.068518518518923202e+02 8.528473658074511299e-01
5.074474474474879457e+02 9.203502026379164480e-01
5.080430430430835713e+02 9.064635645894116855e-01
5.086386386386792537e+02 9.578218253551842309e-01
5.092342342342748793e+02 9.019392734808640011e-01
5.098298298298705049e+02 1.045041865422930982e+00
5.104254254254661305e+02 1.046971130416249451e+00
5.110210210210618129e+02 1.128157101509290827e+00
5.116166166166574385e+02 1.198415739782524581e+00
5.122122122122531209e+02 1.120610026130825387e+00
5.128078078078486897e+02 1.200037551811844683e+00
5.134034034034443721e+02 1.242051974762721889e+00
5.139989989990400545e+02 1.279224345337556690e+00
5.145945945946356233e+02 1.331852659755702994e+00
5.151901901902313057e+02 1.308489021326343371e+00
5.157857857858269881e+02 1.359825257606743776e+00
5.163813813814225568e+02 1.346883111739369143e+00
5.169769769770182393e+02 1.221997750136712968e+00
5.175725725726139217e+02 1.372654638571272789e+00
5.181681681682094904e+02 1.302451103300900082e+00
5.187637637638051729e+02 1.328065620839664396e+00
5.193593593594008553e+02 1.301545243864967949e+00
5.199549549549964240e+02 1.285512023532475956e+00
5.205505505505921064e+02 1.211667814866979720e+00
5.211461461461877889e+02 1.069977537069830120e+00
5.217417417417833576e+02 9.940189353075203904e-01
5.223373373373790400e+02 7.787843107336280823e-01
5.229329329329746088e+02 6.343403328720061962e-01
5.235285285285702912e+02 4.547449499135932660e-01
5.241241241241659736e+02 3.535063111057009655e-01
5.247197197197615424e+02 3.511396047306848400e-01
5.253153153153572248e+02 1.595141596563733888e-01
5.259109109109529072e+02 1.226856241843041484e-01
5.265065065065484760e+02 1.012656891526688974e-01
5.271021021021441584e+02 6.625744924763396493e-02
5.276976976977398408e+02 -5.422496915312969429e-02
5.282932932933354095e+02 -2.338448606852684131e-01
5.288888888889310920e+02 -3.401052840885813167e-01
5.294844844845267744e+02 -3.538103946141482603e-01
5.300800800801223431e+02 -3.854888500672704610e-01
5.306756756757180256e+02 -4.112446309516279985e-01
5.312712712713137080e+02 -5.255747696476281705e-01
5.318668668669092767e+02 -4.560994751824343774e-01
5.324624624625049591e+02 -4.090135970023563994e-01
5.330580580581006416e+02 -3.638978004437893321e-01
5.336536536536962103e+02 -3.309474628885750724e-01
5.342492492492918927e+02 -2.858171362567651919e-01
5.348448448448875752e+02 -2.433837507174406445e-01
5.354404404404831439e+02 -2.328832027502776847e-01
5.360360360360788263e+02 -2.673775192348681884e-01
5.366316316316745088e+02 -2.147933871650180293e-01
5.372272272272700775e+02 -1.600484247258561754e-01
5.378228228228657599e+02 7.539380735411798339e-03
5.384184184184613287e+02 1.030033287634296579e-01
5.390140140140570111e+02 3.167096649158850780e-02
5.396096096096526935e+02 1.855761107055727277e-01
5.402052052052482622e+02 1.601277150066945376e-01
5.408008008008439447e+02 2.188666174692430744e-01
5.413963963964396271e+02 2.006881909546791576e-01
5.419919919920351958e+02 5.303964519336566014e-02
5.425875875876308783e+02 2.487622401376541129e-02
5.431831831832265607e+02 -1.701271724524307805e-01
5.437787787788221294e+02 -1.273024211979222053e-01
5.443743743744178119e+02 -1.635345700529830248e-01
5.449699699700134943e+02 -1.636778057243093720e-01
5.455655655656090630e+02 -1.243395398355794240e-01
5.461611611612047454e+02 -3.874052710366413521e-01
5.467567567568004279e+02 -2.794220017627882524e-01
5.473523523523959966e+02 -3.040417723554009188e-01
5.479479479479916790e+02 -3.945335280929785360e-01
5.485435435435873615e+02 -4.549226148967988048e-01
5.491391391391829302e+02 -5.678634651909861830e-01
5.497347347347786126e+02 -6.060473783428022010e-01
5.503303303303742950e+02 -6.922247296850315701e-01
5.509259259259698638e+02 -6.463101956497352418e-01
5.515215215215655462e+02 -6.565584855843017431e-01
5.521171171171612286e+02 -7.929135823942287109e-01
5.527127127127567974e+02 -7.004606923596280454e-01
5.533083083083524798e+02 -7.007257669351886209e-01
5.539039039039480485e+02 -6.780527030358669549e-01
5.544994994995437310e+02 -5.649602130200848116e-01
5.550950950951394134e+02 -5.725105221431932012e-01
5.556906906907349821e+02 -6.355403947781854690e-01
5.562862862863306646e+02 -7.072670006338462878e-01
5.568818818819263470e+02 -6.719848880401659841e-01
5.574774774775219157e+02 -7.507625307949906679e-01
5.580730730731175981e+02 -7.929322005424261910e-01
5.586686686687132806e+02 -8.211692794318581345e-01
5.592642642643088493e+02 -7.202754582511212700e-01
5.598598598599045317e+02 -8.471482203582543224e-01
5.604554554555002142e+02 -7.810081865606256502e-01
5.610510510510957829e+02 -9.129316170558385846e-01
5.616466466466914653e+02 -1.015659525730502333e+00
5.622422422422871477e+02 -1.044538819696754217e+00
5.628378378378827165e+02 -1.239408021194751797e+00
5.634334334334783989e+02 -1.199286756950907140e+00
5.640290290290740813e+02 -1.424805075899300943e+00
5.646246246246696501e+02 -1.573149867534888058e+00
5.652202202202653325e+02 -1.658895479080368718e+00
5.658158158158610149e+02 -1.761391867760938368e+00
5.664114114114565837e+02 -1.636192528533393586e+00
5.670070070070522661e+02 -1.795543304446816313e+00
5.676026026026479485e+02 -1.618184043948279305e+00
5.681981981982435173e+02 -1.583278190603519375e+00
5.687937937938391997e+02 -1.539496422631462691e+00
5.693893893894348821e+02 -1.391414599392935658e+00
5.699849849850304508e+02 -1.340059360567453561e+00
5.705805805806261333e+02 -1.362297209689352417e+00
5.711761761762217020e+02 -1.443699632382737130e+00
5.717717717718173844e+02 -1.457369153442618970e+00
5.723673673674130669e+02 -1.547207634176323454e+00
5.729629629630086356e+02 -1.583740910878415731e+00
5.735585585586043180e+02 -1.545388968586940193e+00
5.741541541542000004e+02 -1.548354135928190489e+00
5.747497497497955692e+02 -1.405813832048942835e+00
5.753453453453912516e+02 -1.412613387353367278e+00
5.759409409409869340e+02 -1.366258743962361022e+00
5.765365365365825028e+02 -1.311126529691308829e+00
5.771321321321781852e+02 -1.351470749922025538e+00
5.777277277277738676e+02 -1.234945608026936315e+00
5.783233233233694364e+02 -1.330052085796070260e+00
5.789189189189651188e+02 -1.275972275033831593e+00
5.795145145145608012e+02 -1.139650071791015851e+00
5.801101101101563700e+02 -1.088739781824555442e+00
5.807057057057520524e+02 -9.689300858742089240e-01
5.813013013013477348e+02 -9.147452001194980031e-01
5.818968968969433035e+02 -7.897611806665175704e-01
5.824924924925389860e+02 -7.097844528575100176e-01
5.830880880881346684e+02 -7.860592561643561238e-01
5.836836836837302371e+02 -6.513227269048467161e-01
5.842792792793259196e+02 -6.209965687380287758e-01
5.848748748749216020e+02 -6.334821293352331795e-01
5.854704704705171707e+02 -5.040168113170783171e-01
5.860660660661128532e+02 -5.558008387575050779e-01
5.866616616617084219e+02 -6.329877702082221669e-01
5.872572572573041043e+02 -5.543220753106812282e-01
5.878528528528997867e+02 -7.673129006487681147e-01
5.884484484484953555e+02 -5.313048224459141489e-01
5.890440440440910379e+02 -6.245238702303607115e-01
5.896396396396867203e+02 -5.614678133499964030e-01
5.902352352352822891e+02 -5.959160829445229179e-01
5.908308308308779715e+02 -6.305572244123759384e-01
5.914264264264736539e+02 -5.121097919783087482e-01
5.920220220220692227e+02 -6.281948792644342916e-01
5.926176176176649051e+02 -6.179011064360193650e-01
5.932132132132605875e+02 -7.259451657541622360e-01
5.938088088088561562e+02 -8.669675141925605732e-01
5.944044044044518387e+02 -9.155099615090125376e-01
5.950000000000475211e+02 -9.283945803138443642e-01
