0.200000    27.931088
0.400000    25.630500
0.600000    22.629484
0.800000    20.035919
1.000000    18.698574
1.200000    18.658477
1.400000    20.176184
1.600000    23.233137
1.800000    26.237921
2.000000    28.413479
2.200000    29.891250
2.400000    30.568944
2.600000    30.392893
2.800000    29.654550
3.000000    28.940186
3.200000    28.033334
3.400000    27.100080
3.600000    26.323053
3.800000    25.592106
4.000000    24.689548
4.200000    23.936339
4.400000    23.420653
4.600000    23.058165
4.800000    22.824433
5.000000    22.638532
5.200000    22.523664
5.400000    22.596668
5.600000    22.559038
5.800000    22.534503
6.000000    22.462434
6.200000    22.487168
6.400000    22.288467
6.600000    22.236936
6.800000    22.227037
7.000000    22.227202
7.200000    22.176867
7.400000    22.078058
7.600000    21.941390
7.800000    21.886088
8.000000    21.796023
8.200000    21.724642
8.400000    21.620460
8.600000    21.524296
8.800000    21.268552
9.000000    21.013558
9.200000    20.784141
9.400000    20.653513
9.600000    20.506747
9.800000    20.408411
10.000000    20.290900
10.200000    20.087331
10.400000    19.770688
10.600000    19.518323
10.800000    19.346873
11.000000    19.154866
11.200000    18.930304
11.400000    18.712839
11.600000    18.524308
11.800000    18.354801
12.000000    18.182446
12.200000    18.019274
12.400000    17.942970
12.600000    17.848571
12.800000    17.751347
13.000000    17.689278
13.200000    17.590556
13.400000    17.551846
13.600000    17.610496
13.800000    17.571725
14.000000    17.551064
14.200000    17.519321
14.400000    17.405425
14.600000    17.221362
14.800000    17.027710
15.000000    16.872210
15.200000    16.668483
15.400000    16.499983
15.600000    16.380470
15.800000    16.221895
16.000000    16.039701
16.200000    15.857180
16.400000    15.703114
16.600000    15.530004
16.800000    15.389192
17.000000    15.238057
17.200000    15.070194
17.400000    14.949541
17.600000    14.810140
17.800000    14.678806
18.000000    14.518320
18.200000    14.368052
18.400000    14.116742
18.600000    13.881286
18.800000    13.685492
19.000000    13.547973
19.200000    13.404952
19.400000    13.286677
19.600000    13.099469
19.800000    12.952669
20.000000    12.793652
20.200000    12.682964
20.400000    12.503125
20.600000    12.402136
20.800000    12.275501
21.000000    12.140936
21.200000    12.018944
21.400000    11.996486
21.600000    11.972177
21.800000    11.921742
22.000000    11.885502
22.200000    11.764170
22.400000    11.647733
22.600000    11.578790
22.800000    11.544511
23.000000    11.481492
23.200000    11.426781
23.400000    11.363416
23.600000    11.301190
23.800000    11.289075
24.000000    11.354211
24.200000    11.444854
24.400000    11.586602
24.600000    11.765539
24.800000    11.943484
25.000000    12.115949
25.200000    12.315566
25.400000    12.420634
25.600000    12.480660
25.800000    12.502324
26.000000    12.516720
26.200000    12.537892
26.400000    12.550733
26.600000    12.535126
26.800000    12.505294
27.000000    12.410655
27.200000    12.278490
27.400000    12.218360
27.600000    12.106019
27.800000    12.025640
28.000000    11.985283
28.200000    11.935357
28.400000    11.898705
28.600000    11.922983
28.800000    12.003027
29.000000    12.089337
29.200000    12.180021
29.400000    12.215875
29.600000    12.226551
29.800000    12.225960
30.000000    12.211197
30.200000    12.142699
30.400000    12.041100
30.600000    11.929284
30.800000    11.847827
31.000000    11.818397
31.200000    11.810515
31.400000    11.824308
31.600000    11.852313
31.800000    11.895181
32.000000    11.873840
32.200000    11.860408
32.400000    11.857623
32.600000    11.866516
32.800000    11.859953
33.000000    11.816581
33.200000    11.779298
33.400000    11.810613
33.600000    11.803417
33.800000    11.798568
34.000000    11.801251
34.200000    11.716998
34.400000    11.617060
34.600000    11.512078
34.800000    11.390193
35.000000    11.235139
35.200000    11.051905
35.400000    10.854007
35.600000    10.617440
35.800000    10.406534
36.000000    10.240704
36.200000    10.127376
36.400000    10.062549
36.600000    9.989001
36.800000    9.910104
37.000000    9.827690
37.200000    9.794698
37.400000    9.771307
37.600000    9.811217
37.800000    9.838772
38.000000    9.890932
38.200000    9.924398
38.400000    10.000835
38.600000    10.088827
38.800000    10.246951
39.000000    10.423985
39.200000    10.615791
39.400000    10.809308
39.600000    10.995237
39.800000    11.145332
40.000000    11.267187
40.200000    11.343314
40.400000    11.320369
40.600000    11.285270
40.800000    11.157961
41.000000    11.001119
41.200000    10.805488
41.400000    10.570436
41.600000    10.289348
41.800000    9.998327
42.000000    9.728401
42.200000    9.528999
42.400000    9.413788
42.600000    9.303769
42.800000    9.254001
43.000000    9.214871
43.200000    9.199809
43.400000    9.228532
43.600000    9.267440
43.800000    9.360086
44.000000    9.459982
44.200000    9.499994
44.400000    9.536532
44.600000    9.529830
44.800000    9.464831
45.000000    9.384436
45.200000    9.298399
45.400000    9.241169
45.600000    9.192384
45.800000    9.121983
46.000000    9.044520
46.200000    9.024084
46.400000    8.976004
46.600000    8.957149
46.800000    8.960510
47.000000    8.955338
47.200000    8.957050
47.400000    8.937260
47.600000    8.909924
47.800000    8.880127
48.000000    8.873097
48.200000    8.811826
48.400000    8.737009
48.600000    8.617113
48.800000    8.468685
49.000000    8.362322
49.200000    8.321259
49.400000    8.219274
49.600000    8.175672
49.800000    8.068628
50.000000    7.904418
50.200000    7.769678
50.400000    7.658795
50.600000    7.635590
50.800000    7.610883
51.000000    7.585411
51.200000    7.549118
51.400000    7.498106
51.600000    7.360090
51.800000    7.247119
52.000000    7.143505
52.200000    7.023551
52.400000    6.922851
52.600000    6.878368
52.800000    6.832978
53.000000    6.801258
53.200000    6.796299
53.400000    6.756421
53.600000    6.708354
53.800000    6.662666
54.000000    6.589150
54.200000    6.550690
54.400000    6.493435
54.600000    6.406311
54.800000    6.383279
55.000000    6.356723
55.200000    6.350797
55.400000    6.345187
55.600000    6.324499
55.800000    6.239160
56.000000    6.169722
56.200000    6.095287
56.400000    6.000476
56.600000    5.962163
56.800000    5.923827
57.000000    5.875182
57.200000    5.837461
57.400000    5.763035
57.600000    5.748761
57.800000    5.712923
58.000000    5.690534
58.200000    5.663385
58.400000    5.627893
58.600000    5.586722
58.800000    5.548583
59.000000    5.422859
59.200000    5.419171
59.400000    5.373122
59.600000    5.339680
59.800000    5.272999
60.000000    5.227820
60.200000    5.202807
60.400000    5.210493
60.600000    5.201206
60.800000    5.220205
61.000000    5.202383
61.200000    5.118429
61.400000    4.971141
61.600000    4.855022
61.800000    4.753349
62.000000    4.734966
62.200000    4.802856
62.400000    4.790581
62.600000    4.755220
62.800000    4.746024
63.000000    4.789564
63.200000    4.799213
63.400000    4.780067
63.600000    4.751260
63.800000    4.650738
64.000000    4.563094
64.200000    4.500030
64.400000    4.475681
64.600000    4.513886
64.800000    4.521633
65.000000    4.484419
65.200000    4.457901
65.400000    4.498144
65.600000    4.542390
65.800000    4.572574
66.000000    4.550001
66.200000    4.485593
66.400000    4.404247
66.600000    4.323181
66.800000    4.262672
67.000000    4.182115
67.200000    4.186320
67.400000    4.185029
67.600000    4.145573
67.800000    4.157424
68.000000    4.154047
68.200000    4.129024
68.400000    4.154410
68.600000    4.081486
68.800000    4.017342
69.000000    3.936095
69.200000    3.863737
69.400000    3.859400
69.600000    3.889589
69.800000    3.945160
70.000000    3.917842
