# Analysis data at t =   5.120800000000E+05
# [01      radius]   [02       sigma]   [03       <h>/H]   [04          lx]   [05          ly]   [06          lz]   [07        tilt]   [08       twist]   [09         psi]   [10         H/R]   [11         |e|]
  1.0000000000E+01   1.7469558563E-10   5.6647015939E+00  -2.2232162902E-04   1.2281153897E-04   9.9999996775E-01   2.5398736587E-04   2.6369050085E+00   0.0000000000E+00   1.8478991977E-02   3.0141488850E-01
  1.0635451505E+01   3.5500879153E-10   2.2781395640E+00  -3.8084538873E-04  -6.8574886110E-04   9.9999969235E-01   7.8440731553E-04   4.2054311164E+00   0.0000000000E+00   3.4552541400E-02   2.5152118173E-01
  1.1270903010E+01   7.2331921012E-10   1.5559125622E+00   2.3532872319E-04  -3.1678435113E-04   9.9999992213E-01   3.9462886507E-04   5.3513094854E+00   0.0000000000E+00   4.0648239414E-02   2.0558941843E-01
  1.1906354515E+01   1.1059568700E-09   1.2859286771E+00  -3.9628645458E-04   4.4154324258E-04   9.9999982400E-01   5.9329876984E-04   2.3022302439E+00   0.0000000000E+00   4.0905551553E-02   1.6468882298E-01
  1.2541806020E+01   1.4258566038E-09   1.1357097090E+00  -7.2264564942E-05   1.9411297410E-05   9.9999999720E-01   7.4826233996E-05   2.8791727909E+00   0.0000000000E+00   4.0720438697E-02   1.2815072926E-01
  1.3177257525E+01   1.7291582846E-09   1.0202006517E+00   1.5746231897E-04  -1.8874308331E-04   9.9999996979E-01   2.4580141211E-04   5.4076786232E+00   0.0000000000E+00   4.1716517517E-02   9.6895341065E-02
  1.3812709030E+01   1.8930380979E-09   9.5775222676E-01   3.5523714279E-04   2.0008565752E-04   9.9999991689E-01   4.0771032216E-04   5.1295545642E-01   0.0000000000E+00   4.1739842224E-02   6.9751435558E-02
  1.4448160535E+01   1.9449928871E-09   9.2276809414E-01  -7.0487321947E-04  -3.0159216005E-04   9.9999970610E-01   7.6668389917E-04   3.5458893716E+00   0.0000000000E+00   4.1300664856E-02   4.8210765306E-02
  1.5083612040E+01   1.9875886857E-09   8.8219489446E-01   1.3859848457E-04   4.0189389179E-04   9.9999990964E-01   4.2512145399E-04   1.2387048726E+00   0.0000000000E+00   4.1900060334E-02   3.1891990325E-02
  1.5719063545E+01   2.0052303503E-09   8.4239389029E-01   3.9548985908E-04  -5.0758023210E-04   9.9999979298E-01   6.4346715339E-04   5.3742972722E+00   0.0000000000E+00   4.2772075927E-02   2.0572266255E-02
  1.6354515050E+01   2.0237982484E-09   8.1132137642E-01  -4.9571091668E-04   6.3305483564E-05   9.9999987513E-01   4.9973684865E-04   3.0145737361E+00   0.0000000000E+00   4.3313181094E-02   1.4373884624E-02
  1.6989966555E+01   2.0122310513E-09   7.9034802458E-01   5.4995004171E-04   5.0142727358E-04   9.9999972306E-01   7.4422742573E-04   7.3927926710E-01   0.0000000000E+00   4.3249172009E-02   1.1903031034E-02
  1.7625418060E+01   2.0675750627E-09   7.5944189303E-01   2.5178476036E-04   9.9865713074E-05   9.9999996332E-01   2.7086662316E-04   3.7759894339E-01   0.0000000000E+00   4.4004757893E-02   1.1113712476E-02
  1.8260869565E+01   2.0738056616E-09   7.3180753774E-01  -2.5475930562E-04  -5.0482726925E-04   9.9999984012E-01   5.6546698401E-04   4.2450310985E+00   0.0000000000E+00   4.4558487967E-02   1.1628465944E-02
  1.8896321070E+01   2.1332975792E-09   7.0431360566E-01  -1.6055689057E-04   7.8705863574E-05   9.9999998401E-01   1.7881031355E-04   2.6858113378E+00   0.0000000000E+00   4.5191459240E-02   1.1942011876E-02
  1.9531772575E+01   2.1985358395E-09   6.7349538522E-01   5.8709760131E-04  -1.4095161071E-04   9.9999981772E-01   6.0378058453E-04   6.0475627224E+00   0.0000000000E+00   4.6184207641E-02   1.1962036784E-02
  2.0167224080E+01   2.2149539878E-09   6.5168204656E-01  -7.3491802076E-04   2.2874056928E-05   9.9999972969E-01   7.3527397403E-04   3.1104780609E+00   0.0000000000E+00   4.6479432607E-02   1.2083016256E-02
  2.0802675585E+01   2.3008018065E-09   6.2640726295E-01   1.0608873891E-04  -4.7474792685E-04   9.9999988168E-01   4.8645702097E-04   4.9322402901E+00   0.0000000000E+00   4.7183625261E-02   1.2048791380E-02
  2.1438127090E+01   2.3684170939E-09   6.0788665369E-01   8.9175253702E-06   2.1922428985E-04   9.9999997593E-01   2.1940558794E-04   1.5301411068E+00   0.0000000000E+00   4.7285294767E-02   1.1803599005E-02
  2.2073578595E+01   2.4261824254E-09   5.8498909578E-01  -1.1825981600E-04   1.0139425452E-04   9.9999998787E-01   1.5577605437E-04   2.4328265069E+00   0.0000000000E+00   4.7988285240E-02   1.2046892107E-02
  2.2709030100E+01   2.5104934456E-09   5.6564521204E-01   1.6184714668E-04  -2.3697315637E-05   9.9999998662E-01   1.6357280364E-04   6.1378004858E+00   0.0000000000E+00   4.8306161009E-02   1.2056080136E-02
  2.3344481605E+01   2.5966517822E-09   5.4531526124E-01   1.9383656333E-04  -2.5889193043E-04   9.9999994770E-01   3.2341559660E-04   5.3550679036E+00   0.0000000000E+00   4.8736485011E-02   1.2055815026E-02
  2.3979933110E+01   2.6899939664E-09   5.2650741997E-01   6.0731778254E-05  -1.8445982894E-04   9.9999998114E-01   1.9420035358E-04   5.0304521185E+00   0.0000000000E+00   4.9185019110E-02   1.2382337776E-02
  2.4615384615E+01   2.8227777641E-09   5.1043493069E-01  -1.5584101402E-04   3.6477446384E-04   9.9999992133E-01   3.9666968495E-04   1.9745506238E+00   0.0000000000E+00   4.9414993838E-02   1.2376353753E-02
  2.5250836120E+01   2.8849017281E-09   4.9059446222E-01  -2.8397064073E-04   1.6792534713E-04   9.9999994558E-01   3.2990642757E-04   2.6075595293E+00   0.0000000000E+00   5.0325209172E-02   1.2579175156E-02
  2.5886287625E+01   3.0121870941E-09   4.7410347712E-01   9.9625750894E-05  -2.4156548769E-04   9.9999996586E-01   2.6130284395E-04   5.1035537582E+00   0.0000000000E+00   5.0538331600E-02   1.2210328308E-02
  2.6521739130E+01   3.2183650705E-09   4.5581869807E-01   1.8208629101E-04   1.5650270859E-05   9.9999998330E-01   1.8275762189E-04   8.5739034143E-02   0.0000000000E+00   5.1039482566E-02   1.2030039171E-02
  2.7157190635E+01   3.3581753986E-09   4.3831687899E-01  -1.2838769520E-04   1.5806407661E-04   9.9999997927E-01   2.0363607983E-04   2.2529628428E+00   0.0000000000E+00   5.1452349223E-02   1.2219459128E-02
  2.7792642140E+01   3.5578286461E-09   4.2151554848E-01  -8.8452729748E-05  -1.3771382059E-04   9.9999998661E-01   1.6367340035E-04   4.1414502310E+00   0.0000000000E+00   5.2047071364E-02   1.2004241067E-02
  2.8428093645E+01   3.7406269622E-09   4.0867901843E-01   2.2856497734E-04   1.4917684140E-04   9.9999996275E-01   2.7293896851E-04   5.7824787614E-01   0.0000000000E+00   5.2106214291E-02   1.1789472138E-02
  2.9063545151E+01   3.8850545602E-09   3.9399903746E-01  -3.1304562176E-04  -6.5155179795E-05   9.9999994888E-01   3.1975422161E-04   3.3467962048E+00   0.0000000000E+00   5.2908253756E-02   1.1496988835E-02
  2.9698996656E+01   3.9929419305E-09   3.8421938764E-01   4.5257679611E-04   1.3529757725E-04   9.9999988843E-01   4.7236766083E-04   2.9049269443E-01   0.0000000000E+00   5.2925884297E-02   1.1336207815E-02
  3.0334448161E+01   4.1105518597E-09   3.7261758376E-01  -1.3384322549E-04   4.6953226539E-05   9.9999998994E-01   1.4184010061E-04   2.8041985112E+00   0.0000000000E+00   5.3507863541E-02   1.1259920426E-02
  3.0969899666E+01   4.2767109513E-09   3.6192124762E-01  -1.5039616832E-04  -1.0204064527E-04   9.9999998348E-01   1.8174515432E-04   3.7377285202E+00   0.0000000000E+00   5.4000367191E-02   1.1155046547E-02
  3.1605351171E+01   4.3737823243E-09   3.5232738931E-01   1.4188288159E-04  -8.1455536313E-05   9.9999998662E-01   1.6360243378E-04   5.7620246216E+00   0.0000000000E+00   5.4378847493E-02   1.1134846439E-02
  3.2240802676E+01   4.4862540355E-09   3.4359663694E-01   1.2289654025E-05   2.8832112468E-04   9.9999995836E-01   2.8858293137E-04   1.5281972311E+00   0.0000000000E+00   5.4701997718E-02   1.1060187495E-02
  3.2876254181E+01   4.5640953528E-09   3.3600178395E-01  -2.0933597345E-04   2.2245834168E-05   9.9999997784E-01   2.1051467255E-04   3.0357214272E+00   0.0000000000E+00   5.4931618391E-02   1.1004375565E-02
  3.3511705686E+01   4.6771009591E-09   3.2849444385E-01   7.7646800793E-05  -1.7198420047E-05   9.9999999684E-01   7.9528681132E-05   6.0652089535E+00   0.0000000000E+00   5.5271629489E-02   1.1096160148E-02
  3.4147157191E+01   4.7248391846E-09   3.2114538673E-01   1.4151503472E-04  -7.6624131990E-05   9.9999998705E-01   1.6092781747E-04   5.7869256244E+00   0.0000000000E+00   5.5743071761E-02   1.1251197458E-02
  3.4782608696E+01   4.7924352712E-09   3.1414647464E-01  -1.5540935549E-05   1.9792681713E-04   9.9999998029E-01   1.9853600720E-04   1.6491541557E+00   0.0000000000E+00   5.6253256375E-02   1.1392301353E-02
  3.5418060201E+01   4.8655612767E-09   3.0812912139E-01   7.5984669337E-05   1.6507527203E-04   9.9999998349E-01   1.8172373480E-04   1.1394074004E+00   0.0000000000E+00   5.6485907854E-02   1.1336024868E-02
  3.6053511706E+01   4.9293363432E-09   3.0233247672E-01   7.6248441017E-05  -3.0281734636E-04   9.9999995124E-01   3.1226939156E-04   4.9590580400E+00   0.0000000000E+00   5.6786245737E-02   1.1275985235E-02
  3.6688963211E+01   4.9724705184E-09   2.9562922113E-01   7.6544852125E-05   1.0563406266E-04   9.9999999149E-01   1.3045179172E-04   9.4373541017E-01   0.0000000000E+00   5.7481793082E-02   1.1173893363E-02
  3.7324414716E+01   5.0101097614E-09   2.9243952323E-01   1.1201459990E-04   3.5036490305E-05   9.9999999311E-01   1.1736620452E-04   3.0314452131E-01   0.0000000000E+00   5.7065786181E-02   1.1285250329E-02
  3.7959866221E+01   5.0400557751E-09   2.8505510232E-01  -3.4824971876E-04   3.1034136281E-06   9.9999993936E-01   3.4826355368E-04   3.1326814289E+00   0.0000000000E+00   5.8147462077E-02   1.1318225946E-02
  3.8595317726E+01   5.1522419761E-09   2.8117638885E-01   8.9790823980E-05  -1.6469562696E-05   9.9999999583E-01   9.1288765321E-05   6.1017802875E+00   0.0000000000E+00   5.8042631455E-02   1.1116090660E-02
  3.9230769231E+01   5.1904073216E-09   2.7496503316E-01   1.9025195493E-04  -5.9464139151E-06   9.9999998188E-01   1.9034486176E-04   6.2519400110E+00   0.0000000000E+00   5.8847898298E-02   1.1229750183E-02
  3.9866220736E+01   5.2019118526E-09   2.7120928543E-01  -1.4875647923E-04   2.7739902675E-04   9.9999995046E-01   3.1476771303E-04   2.0630251666E+00   0.0000000000E+00   5.8787215501E-02   1.1154813221E-02
  4.0501672241E+01   5.2863349867E-09   2.6708928783E-01  -2.0720037223E-04  -2.4708652859E-04   9.9999994801E-01   3.2246511484E-04   4.0145657326E+00   0.0000000000E+00   5.8961043591E-02   1.1260342421E-02
  4.1137123746E+01   5.3297929518E-09   2.6176295510E-01  -8.8013288037E-06   6.6379862200E-05   9.9999999776E-01   6.6960803097E-05   1.7026177774E+00   0.0000000000E+00   5.9622479902E-02   1.1341947993E-02
  4.1772575251E+01   5.3633847352E-09   2.5772113296E-01   1.0828171863E-04  -7.9735630255E-05   9.9999999096E-01   1.3447193440E-04   5.6484632952E+00   0.0000000000E+00   5.9787386153E-02   1.1596938517E-02
  4.2408026756E+01   5.4402644383E-09   2.5379330476E-01  -2.2432647056E-06  -1.4539675219E-05   9.9999999989E-01   1.4711702957E-05   4.5593102477E+00   0.0000000000E+00   5.9952641974E-02   1.1640176723E-02
  4.3043478261E+01   5.5074552714E-09   2.4897923756E-01  -2.2708054221E-05  -1.8044967444E-04   9.9999998346E-01   1.8187287127E-04   4.5872055370E+00   0.0000000000E+00   6.0443704389E-02   1.1545510660E-02
  4.3678929766E+01   5.5757014937E-09   2.4477195312E-01  -2.9479528141E-04   2.3860742144E-04   9.9999992808E-01   3.7925949703E-04   2.4611459807E+00   0.0000000000E+00   6.0810161793E-02   1.1485555969E-02
  4.4314381271E+01   5.6161331092E-09   2.4035359857E-01   2.8547043808E-04  -1.7672942167E-04   9.9999994364E-01   3.3574791694E-04   5.7288534319E+00   0.0000000000E+00   6.1336383309E-02   1.1464657922E-02
  4.4949832776E+01   5.6892713543E-09   2.3645665635E-01   9.5067845106E-05  -1.7287796816E-04   9.9999998054E-01   1.9729340373E-04   5.2151654076E+00   0.0000000000E+00   6.1619494477E-02   1.1588479419E-02
  4.5585284281E+01   5.7723206500E-09   2.3364861394E-01  -1.2483251517E-04   1.1839396972E-04   9.9999998520E-01   1.7204734511E-04   2.3826597091E+00   0.0000000000E+00   6.1551873621E-02   1.1458803320E-02
  4.6220735786E+01   5.8018789968E-09   2.2919421207E-01   6.6539013667E-05   7.8611302453E-07   9.9999999779E-01   6.6543654258E-05   1.1813767737E-02   0.0000000000E+00   6.2220010898E-02   1.1343130016E-02
  4.6856187291E+01   5.8105908038E-09   2.2609623627E-01  -2.3760943093E-04  -2.3051810138E-04   9.9999994520E-01   3.3105413479E-04   3.9118436900E+00   0.0000000000E+00   6.2435880942E-02   1.1452225367E-02
  4.7491638796E+01   5.9317961502E-09   2.2266959136E-01   2.2761863603E-05   5.5918446051E-05   9.9999999818E-01   6.0373626424E-05   1.1842231859E+00   0.0000000000E+00   6.2758944997E-02   1.1555685675E-02
  4.8127090301E+01   5.9155342527E-09   2.2058896402E-01  -1.1619072003E-04   1.9464311764E-04   9.9999997431E-01   2.2668530449E-04   2.1089645218E+00   0.0000000000E+00   6.2557293096E-02   1.1679439671E-02
  4.8762541806E+01   5.9686511771E-09   2.1594030964E-01   3.6959926746E-04   1.4057831578E-04   9.9999992182E-01   3.9543127040E-04   3.6345572926E-01   0.0000000000E+00   6.3731714729E-02   1.1698735076E-02
  4.9397993311E+01   5.9926419612E-09   2.1471214590E-01  -1.0916738552E-04   4.9010728969E-05   9.9999999284E-01   1.1966440384E-04   2.7196120132E+00   0.0000000000E+00   6.3185095120E-02   1.1773117997E-02
  5.0033444816E+01   6.0073882728E-09   2.1111434272E-01  -1.4022629358E-04  -2.1829971556E-04   9.9999996634E-01   2.5945747300E-04   4.1414056570E+00   0.0000000000E+00   6.3896474652E-02   1.1683906279E-02
  5.0668896321E+01   6.0666230199E-09   2.0825413882E-01   1.1517779186E-04   1.2004114706E-05   9.9999999329E-01   1.1580165033E-04   1.0384755090E-01   0.0000000000E+00   6.4339878494E-02   1.1768828569E-02
  5.1304347826E+01   6.0475014324E-09   2.0619355296E-01  -3.2342062318E-05  -4.5640264116E-05   9.9999999844E-01   5.5937839744E-05   4.0958944930E+00   0.0000000000E+00   6.4323094322E-02   1.1618485677E-02
  5.1939799331E+01   6.1109442133E-09   2.0343369216E-01   1.4418750901E-04   1.1274152096E-04   9.9999998325E-01   1.8303193311E-04   6.6361213224E-01   0.0000000000E+00   6.4813435542E-02   1.1796283146E-02
  5.2575250836E+01   6.0924637384E-09   2.0140625314E-01   2.2266106453E-04  -1.1960708955E-04   9.9999996806E-01   2.5275246153E-04   5.7902448608E+00   0.0000000000E+00   6.4873967418E-02   1.1869254278E-02
  5.3210702341E+01   6.1083146308E-09   1.9849939734E-01  -5.7458020026E-05  -1.2493763749E-04   9.9999999054E-01   1.3751668114E-04   4.2813380600E+00   0.0000000000E+00   6.5642647886E-02   1.1999560233E-02
  5.3846153846E+01   6.1091395148E-09   1.9708673146E-01   1.8144955466E-04   2.5568071972E-04   9.9999995085E-01   3.1352284538E-04   9.5360826127E-01   0.0000000000E+00   6.5454339157E-02   1.2206492409E-02
  5.4481605351E+01   6.0782248838E-09   1.9512353405E-01  -3.9366439975E-05  -2.9566503751E-04   9.9999995552E-01   2.9827425896E-04   4.5800221023E+00   0.0000000000E+00   6.5744888811E-02   1.2279011486E-02
  5.5117056856E+01   6.1342481461E-09   1.9290043531E-01  -1.1492199504E-05  -1.0238188410E-04   9.9999999469E-01   1.0302485478E-04   4.6006085110E+00   0.0000000000E+00   6.6149627130E-02   1.2117990008E-02
  5.5752508361E+01   6.0963396738E-09   1.9055856849E-01   1.7340058327E-04   2.9724754987E-04   9.9999994079E-01   3.4412769867E-04   1.0427063683E+00   0.0000000000E+00   6.6770565085E-02   1.2214754870E-02
  5.6387959866E+01   6.0046524276E-09   1.8943449480E-01  -2.2744991825E-04  -2.0395687877E-05   9.9999997393E-01   2.2836253995E-04   3.2310245762E+00   0.0000000000E+00   6.6626529011E-02   1.2228270794E-02
  5.7023411371E+01   6.0576461395E-09   1.8737706115E-01  -6.3192562592E-05  -3.3578182397E-04   9.9999994163E-01   3.4167636336E-04   4.5263694248E+00   0.0000000000E+00   6.7159180142E-02   1.2399765486E-02
  5.7658862876E+01   5.9990301974E-09   1.8626991340E-01   3.1350745681E-04   2.1891301452E-04   9.9999992690E-01   3.8237395340E-04   6.0956429540E-01   0.0000000000E+00   6.7036832248E-02   1.2517934763E-02
  5.8294314381E+01   6.0190285833E-09   1.8417657671E-01  -2.0175064600E-05  -4.7768928735E-05   9.9999999866E-01   5.1854640746E-05   4.3127675770E+00   0.0000000000E+00   6.7720306926E-02   1.2589100504E-02
  5.8929765886E+01   5.9385049327E-09   1.8280092882E-01   1.6692461794E-05   6.1331341686E-05   9.9999999798E-01   6.3562343664E-05   1.3050644015E+00   0.0000000000E+00   6.7997566879E-02   1.2787352898E-02
  5.9565217391E+01   5.9060572432E-09   1.8196891336E-01   9.9889263293E-05  -1.9773567053E-04   9.9999997546E-01   2.2153388206E-04   5.1801605437E+00   0.0000000000E+00   6.7844689415E-02   1.2993268655E-02
  6.0200668896E+01   5.8986329740E-09   1.8009384430E-01  -6.4972868041E-05  -4.3543872744E-05   9.9999999694E-01   7.8214716068E-05   3.7320274038E+00   0.0000000000E+00   6.8534267942E-02   1.3289504351E-02
  6.0836120401E+01   5.8166410539E-09   1.7929867096E-01   2.0235505570E-04  -4.6321836120E-05   9.9999997845E-01   2.0758921345E-04   6.0581489251E+00   0.0000000000E+00   6.8446987801E-02   1.3468095086E-02
  6.1471571906E+01   5.7348163887E-09   1.7836596384E-01  -4.2026112421E-04   1.9302421654E-04   9.9999989306E-01   4.6246921576E-04   2.7110351902E+00   0.0000000000E+00   6.8664833424E-02   1.3579061154E-02
  6.2107023411E+01   5.7493339805E-09   1.7631117033E-01   3.9075924843E-04   5.2402335532E-05   9.9999992228E-01   3.9425728015E-04   1.3330855356E-01   0.0000000000E+00   6.9628425495E-02   1.3901705836E-02
  6.2742474916E+01   5.6686508658E-09   1.7633838098E-01  -1.5388692811E-04   8.5997997826E-05   9.9999998446E-01   1.7628625163E-04   2.6319886948E+00   0.0000000000E+00   6.9048605818E-02   1.4317835736E-02
  6.3377926421E+01   5.5848434594E-09   1.7496778342E-01   3.9953815673E-05  -7.2139317664E-05   9.9999999660E-01   8.2464465282E-05   5.2181774535E+00   0.0000000000E+00   6.9598656649E-02   1.4471299572E-02
  6.4013377926E+01   5.5487709675E-09   1.7375556580E-01   8.2931763301E-05  -1.7077977555E-04   9.9999998198E-01   1.8985101799E-04   5.1644556006E+00   0.0000000000E+00   7.0053522843E-02   1.4852992972E-02
  6.4648829431E+01   5.4645932490E-09   1.7322126030E-01   1.4283684868E-04  -9.3514482749E-05   9.9999998543E-01   1.7072587242E-04   5.7035170676E+00   0.0000000000E+00   7.0120312545E-02   1.5048402256E-02
  6.5284280936E+01   5.4067993131E-09   1.7253120628E-01   1.6678898705E-04   1.8234136453E-04   9.9999996947E-01   2.4711726104E-04   8.2991478165E-01   0.0000000000E+00   7.0239710771E-02   1.5467826098E-02
  6.5919732441E+01   5.3561037736E-09   1.7099185920E-01  -9.3202567572E-05  -3.2851497968E-04   9.9999994170E-01   3.4148032897E-04   4.4359444954E+00   0.0000000000E+00   7.1066851145E-02   1.5789910567E-02
  6.6555183946E+01   5.2479528072E-09   1.7093258762E-01   2.3740273825E-04   4.4561576028E-04   9.9999987253E-01   5.0490938545E-04   1.0812916163E+00   0.0000000000E+00   7.0900321805E-02   1.6295281162E-02
  6.7190635452E+01   5.1991593098E-09   1.7010676903E-01   1.7995238864E-04  -1.9459502239E-04   9.9999996487E-01   2.6504732899E-04   5.4587128359E+00   0.0000000000E+00   7.1296160098E-02   1.6589308054E-02
  6.7826086957E+01   5.0936743762E-09   1.6946901937E-01  -1.7434776602E-04  -9.4417341173E-05   9.9999998034E-01   1.9827197921E-04   3.6379221344E+00   0.0000000000E+00   7.1559628727E-02   1.7149586087E-02
  6.8461538462E+01   5.0140186919E-09   1.6946635748E-01  -2.4314003280E-05  -1.5257914455E-04   9.9999998806E-01   1.5450425846E-04   4.5543642558E+00   0.0000000000E+00   7.1462135294E-02   1.7626585311E-02
  6.9096989967E+01   4.9170700128E-09   1.6852169829E-01  -6.5992068478E-07   7.1178989006E-05   9.9999999747E-01   7.1182046919E-05   1.5800673460E+00   0.0000000000E+00   7.2048675438E-02   1.8049416169E-02
  6.9732441472E+01   4.8480180496E-09   1.6863101188E-01   2.4886574709E-04  -1.0582736523E-05   9.9999996898E-01   2.4909065659E-04   6.2406870337E+00   0.0000000000E+00   7.1959095037E-02   1.8521705022E-02
  7.0367892977E+01   4.7516499337E-09   1.6763004963E-01  -4.1202369133E-04  -1.8755886172E-04   9.9999989753E-01   4.5270504978E-04   3.5687738929E+00   0.0000000000E+00   7.2766103451E-02   1.8939382715E-02
  7.1003344482E+01   4.6625624386E-09   1.6772868423E-01   1.3336408329E-05   4.3213921676E-05   9.9999999898E-01   4.5225024227E-05   1.2714559076E+00   0.0000000000E+00   7.2665237514E-02   1.9498023241E-02
  7.1638795987E+01   4.5522430477E-09   1.6797238845E-01   2.0173255713E-04   1.9678709747E-04   9.9999996029E-01   2.8181765132E-04   7.7298922505E-01   0.0000000000E+00   7.2522956181E-02   2.0025835995E-02
  7.2274247492E+01   4.4807701381E-09   1.6698498556E-01  -5.8919172757E-05  -3.6059408140E-04   9.9999993325E-01   3.6537592422E-04   4.5504254877E+00   0.0000000000E+00   7.3478855965E-02   2.0573641066E-02
  7.2909698997E+01   4.3657136867E-09   1.6728473125E-01   3.3345809781E-04   2.3055665932E-04   9.9999991782E-01   4.0540188042E-04   6.0493837191E-01   0.0000000000E+00   7.3219547914E-02   2.1067313031E-02
  7.3545150502E+01   4.2779314778E-09   1.6718307843E-01  -8.9982114766E-05   7.6553468974E-05   9.9999999302E-01   1.1814065656E-04   2.4366556981E+00   0.0000000000E+00   7.3529282204E-02   2.1576143048E-02
  7.4180602007E+01   4.1951983689E-09   1.6666722934E-01  -2.9562299843E-04  -3.1389380961E-05   9.9999995581E-01   2.9728480140E-04   3.2473767382E+00   0.0000000000E+00   7.4096966950E-02   2.2163495072E-02
  7.4816053512E+01   4.0965464469E-09   1.6735044204E-01   5.4503617887E-04  -3.5740668136E-04   9.9999978760E-01   6.5176992285E-04   5.7027795392E+00   0.0000000000E+00   7.3776127692E-02   2.2662877857E-02
  7.5451505017E+01   4.0003030975E-09   1.6661065522E-01  -5.4909373469E-05  -1.7784294798E-04   9.9999998268E-01   1.8612671431E-04   4.4129222552E+00   0.0000000000E+00   7.4642624370E-02   2.2958068473E-02
  7.6086956522E+01   3.9009765785E-09   1.6726935720E-01  -2.8310659915E-04   8.6115836240E-04   9.9999958913E-01   9.0650057716E-04   1.8884170503E+00   0.0000000000E+00   7.4274310227E-02   2.3435606006E-02
  7.6722408027E+01   3.8326758187E-09   1.6693661241E-01   2.6122632726E-04  -4.5186647969E-04   9.9999986379E-01   5.2194112104E-04   5.2365537120E+00   0.0000000000E+00   7.4715223966E-02   2.3623349385E-02
  7.7357859532E+01   3.7072190109E-09   1.6681069066E-01  -2.2048602693E-04   1.2582691382E-04   9.9999996778E-01   2.5386315525E-04   2.6230112070E+00   0.0000000000E+00   7.5217499298E-02   2.3924790809E-02
  7.7993311037E+01   3.6567832305E-09   1.6678465850E-01   2.1331800499E-04   1.4517483516E-04   9.9999996671E-01   2.5803159771E-04   5.9755671496E-01   0.0000000000E+00   7.5395519206E-02   2.4076837758E-02
  7.8628762542E+01   3.5725220494E-09   1.6705407017E-01  -3.1289895155E-04   7.5811923615E-05   9.9999994817E-01   3.2195217868E-04   2.9038846179E+00   0.0000000000E+00   7.5464222661E-02   2.3788877226E-02
  7.9264214047E+01   3.4822653402E-09   1.6719622987E-01   2.8480985417E-04   9.1005051590E-05   9.9999995530E-01   2.9899594551E-04   3.0927577572E-01   0.0000000000E+00   7.5493927162E-02   2.3647404496E-02
  7.9899665552E+01   3.4216563659E-09   1.6676219573E-01  -6.4857847660E-05   1.9041627569E-06   9.9999999789E-01   6.4885793646E-05   3.1122420660E+00   0.0000000000E+00   7.6048474658E-02   2.3426785094E-02
  8.0535117057E+01   3.3573389311E-09   1.6718971339E-01   4.4090916084E-05   3.2301543169E-04   9.9999994686E-01   3.2601070743E-04   1.4351368391E+00   0.0000000000E+00   7.5867284896E-02   2.2819925884E-02
  8.1170568562E+01   3.2796805030E-09   1.6752504742E-01   8.0526374476E-06  -3.0635150086E-04   9.9999995304E-01   3.0645732144E-04   4.7386685435E+00   0.0000000000E+00   7.5648376631E-02   2.2148195340E-02
  8.1806020067E+01   3.2376718603E-09   1.6557582158E-01   4.1586058143E-04   3.1122416906E-04   9.9999986510E-01   5.1942326713E-04   6.4246724343E-01   0.0000000000E+00   7.7293828589E-02   2.1724872969E-02
  8.2441471572E+01   3.1603101661E-09   1.6615326530E-01  -1.0175553406E-04   3.4044580968E-04   9.9999993687E-01   3.5532737452E-04   1.8612336151E+00   0.0000000000E+00   7.6833077904E-02   2.0759353260E-02
  8.3076923077E+01   3.1546780704E-09   1.6630208181E-01   7.6696699826E-05  -2.4098005609E-04   9.9999996802E-01   2.5289083099E-04   5.0205217492E+00   0.0000000000E+00   7.6653444345E-02   2.0099668710E-02
  8.3712374582E+01   3.0919112627E-09   1.6507040179E-01  -3.2583306407E-04   1.6936335517E-04   9.9999993257E-01   3.6722082911E-04   2.6622420927E+00   0.0000000000E+00   7.7446092527E-02   1.9694686464E-02
  8.4347826087E+01   3.0336534281E-09   1.6578940302E-01   3.8042468767E-04  -1.0891778487E-04   9.9999992171E-01   3.9570953371E-04   6.0043388855E+00   0.0000000000E+00   7.6579472333E-02   1.8913574488E-02
  8.4983277592E+01   3.0626923965E-09   1.6401167426E-01   1.4296086639E-04   1.0976813707E-04   9.9999998376E-01   1.8024109892E-04   6.5480837043E-01   0.0000000000E+00   7.7878703485E-02   1.8333439761E-02
  8.5618729097E+01   3.0094653271E-09   1.6412521261E-01   3.8020210384E-06   4.3626885405E-05   9.9999999904E-01   4.3792241268E-05   1.4838673761E+00   0.0000000000E+00   7.7469939590E-02   1.7927365310E-02
  8.6254180602E+01   2.9798894701E-09   1.6342735318E-01  -2.0894461333E-04   2.3884283461E-05   9.9999997789E-01   2.1030527932E-04   3.0277775020E+00   0.0000000000E+00   7.7611518399E-02   1.7485829077E-02
  8.6889632107E+01   2.9864171825E-09   1.6187028360E-01   2.7314627008E-04  -1.6385135318E-05   9.9999996256E-01   2.7363727675E-04   6.2232704337E+00   0.0000000000E+00   7.8526413152E-02   1.7332544896E-02
  8.7525083612E+01   2.9340447364E-09   1.6212340318E-01  -9.8105502532E-05  -1.7754831878E-04   9.9999997943E-01   2.0284993404E-04   4.2075850171E+00   0.0000000000E+00   7.8071658938E-02   1.6872794966E-02
  8.8160535117E+01   2.9367604376E-09   1.6097093662E-01   1.7962320539E-04   5.5246181815E-04   9.9999983126E-01   5.8092907859E-04   1.2564447326E+00   0.0000000000E+00   7.8535847831E-02   1.6710214338E-02
  8.8795986622E+01   2.9066475775E-09   1.6056591480E-01  -5.5628601328E-04  -4.7182143246E-04   9.9999973397E-01   7.2943107079E-04   3.8450195060E+00   0.0000000000E+00   7.8524901242E-02   1.6508939027E-02
  8.9431438127E+01   2.9009075815E-09   1.6028273344E-01   7.3571141434E-04   6.5549614992E-04   9.9999951453E-01   9.8536632885E-04   7.2780320007E-01   0.0000000000E+00   7.8325993092E-02   1.6488850555E-02
  9.0066889632E+01   2.8591674681E-09   1.5803716275E-01  -5.6891225212E-04  -1.5752766058E-04   9.9999982576E-01   5.9031868912E-04   3.4117176578E+00   0.0000000000E+00   7.9878892622E-02   1.6432998090E-02
  9.0702341137E+01   2.8683375536E-09   1.5880051290E-01  -1.2731702281E-05   2.7430738722E-05   9.9999999954E-01   3.0241388091E-05   2.0053466375E+00   0.0000000000E+00   7.8624866101E-02   1.6334486304E-02
  9.1337792642E+01   2.8677140539E-09   1.5750676293E-01   5.6003037260E-04  -1.3452325974E-04   9.9999983413E-01   5.7596055592E-04   6.0474445352E+00   0.0000000000E+00   7.9268722165E-02   1.5913232055E-02
  9.1973244147E+01   2.8372803581E-09   1.5621162772E-01  -6.4565075729E-04   3.8844033463E-04   9.9999971612E-01   7.5349246908E-04   2.5999783634E+00   0.0000000000E+00   7.9873224383E-02   1.5654804898E-02
  9.2608695652E+01   2.8328217792E-09   1.5550987931E-01   5.8172969460E-05  -4.4520798878E-05   9.9999999732E-01   7.3254323657E-05   5.6299527772E+00   0.0000000000E+00   7.9948646545E-02   1.5380440637E-02
  9.3244147157E+01   2.8455476194E-09   1.5457603203E-01   2.6239269490E-04   2.8969966713E-04   9.9999992361E-01   3.9086548914E-04   8.3481876582E-01   0.0000000000E+00   8.0262301456E-02   1.5090119804E-02
  9.3879598662E+01   2.8498974476E-09   1.5423826386E-01  -1.9855255423E-04  -2.5326044951E-04   9.9999994822E-01   3.2181357243E-04   4.0474894599E+00   0.0000000000E+00   7.9842002137E-02   1.5275619997E-02
  9.4515050167E+01   2.8382891196E-09   1.5288937991E-01  -4.1729249109E-05  -2.7800452581E-04   9.9999996049E-01   2.8111892206E-04   4.5633985268E+00   0.0000000000E+00   8.0560700454E-02   1.5302617157E-02
  9.5150501672E+01   2.8106475224E-09   1.5209326441E-01  -3.2276899053E-04   5.4662201450E-04   9.9999979851E-01   6.3480351454E-04   2.1041859080E+00   0.0000000000E+00   8.0580251320E-02   1.5259102117E-02
  9.5785953177E+01   2.8394598047E-09   1.5090302911E-01   3.3398251173E-04  -2.9411549331E-04   9.9999990098E-01   4.4502612802E-04   5.5611747183E+00   0.0000000000E+00   8.1069508949E-02   1.5207027702E-02
  9.6421404682E+01   2.8591255822E-09   1.4964153179E-01   7.6081346340E-05   5.2956541389E-04   9.9999985689E-01   5.3500273475E-04   1.4281051990E+00   0.0000000000E+00   8.1685817388E-02   1.4883001240E-02
  9.7056856187E+01   2.8183426271E-09   1.5024509466E-01   4.8595070196E-05  -2.3769810605E-04   9.9999997057E-01   2.4261465628E-04   4.9140503832E+00   0.0000000000E+00   8.0129724509E-02   1.4549409972E-02
  9.7692307692E+01   2.8525033584E-09   1.4802160054E-01   1.7761739063E-04  -3.6528884454E-04   9.9999991751E-01   4.0618208552E-04   5.1649666631E+00   0.0000000000E+00   8.1578008503E-02   1.4255741001E-02
  9.8327759197E+01   2.8434297412E-09   1.4686501903E-01  -1.2242534664E-04   6.1878726677E-04   9.9999980106E-01   6.3078181615E-04   1.7661210611E+00   0.0000000000E+00   8.1997185427E-02   1.3936032635E-02
  9.8963210702E+01   2.8777499385E-09   1.4587664385E-01  -1.9036573399E-04  -3.5683819431E-04   9.9999991821E-01   4.0444111852E-04   4.2223181416E+00   0.0000000000E+00   8.2024643942E-02   1.3483733930E-02
  9.9598662207E+01   2.8725916612E-09   1.4478856552E-01   1.2741774016E-04   3.4340911180E-06   9.9999999188E-01   1.2746400859E-04   2.6944913566E-02   0.0000000000E+00   8.2178425049E-02   1.3384583838E-02
  1.0023411371E+02   2.8957970894E-09   1.4365232669E-01   3.6331417991E-05  -5.3023724576E-05   9.9999999793E-01   6.4276645477E-05   5.3131072229E+00   0.0000000000E+00   8.2354779178E-02   1.3052815759E-02
  1.0086956522E+02   2.9350979735E-09   1.4234850150E-01  -1.0650661825E-04  -3.9142425136E-05   9.9999999356E-01   1.1347153145E-04   3.4937821050E+00   0.0000000000E+00   8.2527865602E-02   1.3311696806E-02
  1.0150501672E+02   2.9774229185E-09   1.4075785015E-01  -1.7599064438E-05   2.8832457583E-04   9.9999995828E-01   2.8886119499E-04   1.6317597616E+00   0.0000000000E+00   8.3145639069E-02   1.3341017751E-02
  1.0214046823E+02   2.9763706121E-09   1.3966305405E-01   6.9918310601E-06   6.2963130665E-05   9.9999999799E-01   6.3350146599E-05   1.4602029956E+00   0.0000000000E+00   8.2956634360E-02   1.3800942007E-02
  1.0277591973E+02   3.0488053147E-09   1.3808170223E-01   4.4340101881E-04  -4.5560256502E-04   9.9999979791E-01   6.3575012008E-04   5.4842156772E+00   0.0000000000E+00   8.3396720124E-02   1.4405963765E-02
  1.0341137124E+02   3.0842018534E-09   1.3702110001E-01  -1.4984841893E-04   3.0479967048E-04   9.9999994232E-01   3.3964303594E-04   2.0277249011E+00   0.0000000000E+00   8.3024773181E-02   1.4996614263E-02
  1.0404682274E+02   3.1379420515E-09   1.3481612024E-01  -3.8533178633E-04  -2.0915148588E-04   9.9999990389E-01   4.3843464931E-04   3.6388779870E+00   0.0000000000E+00   8.4062143546E-02   1.5731643975E-02
  1.0468227425E+02   3.1955158805E-09   1.3384295579E-01   3.9060133241E-04   3.9476246558E-04   9.9999984580E-01   5.5534389026E-04   7.9069646495E-01   0.0000000000E+00   8.3637200461E-02   1.6257757066E-02
  1.0531772575E+02   3.2714794696E-09   1.3200265067E-01  -1.4009727413E-04  -2.3740611273E-04   9.9999996201E-01   2.7566086064E-04   4.1792684261E+00   0.0000000000E+00   8.4194987933E-02   1.6597053949E-02
  1.0595317726E+02   3.3110738174E-09   1.3070792171E-01  -1.1297246632E-04   6.6616708969E-05   9.9999999140E-01   1.3115092027E-04   2.6088018259E+00   0.0000000000E+00   8.4127870178E-02   1.6865681642E-02
  1.0658862876E+02   3.3600651323E-09   1.2951798063E-01  -1.3271240049E-04   1.1002755430E-04   9.9999998514E-01   1.7239096283E-04   2.4493771334E+00   0.0000000000E+00   8.4018923529E-02   1.7072209007E-02
  1.0722408027E+02   3.4433383606E-09   1.2725401229E-01   2.2034895784E-04   1.3852145149E-04   9.9999996613E-01   2.6027265844E-04   5.6121673445E-01   0.0000000000E+00   8.5148149856E-02   1.7326833023E-02
  1.0785953177E+02   3.4972428255E-09   1.2670604941E-01   4.0582372934E-04  -1.9623837790E-04   9.9999989840E-01   4.5077978376E-04   5.8327794692E+00   0.0000000000E+00   8.4206731759E-02   1.7340696939E-02
  1.0849498328E+02   3.5622891578E-09   1.2486122290E-01  -5.8883533398E-04  -1.3242998791E-04   9.9999981787E-01   6.0354353305E-04   3.3628134018E+00   0.0000000000E+00   8.5029137531E-02   1.7034560770E-02
  1.0913043478E+02   3.6245124350E-09   1.2349263411E-01   6.3979194617E-04   3.8048486561E-04   9.9999972295E-01   7.4438066180E-04   5.3651401499E-01   0.0000000000E+00   8.5176750264E-02   1.6958960207E-02
  1.0976588629E+02   3.6748916826E-09   1.2201205451E-01  -3.9624459989E-04  -2.2671831838E-04   9.9999989579E-01   4.5652052854E-04   3.6612956980E+00   0.0000000000E+00   8.5559420074E-02   1.6809437066E-02
  1.1040133779E+02   3.7457892263E-09   1.2062660044E-01   7.1790730351E-05   2.3303635168E-04   9.9999997027E-01   2.4384390728E-04   1.2719554560E+00   0.0000000000E+00   8.6062175340E-02   1.6468205289E-02
  1.1103678930E+02   3.7913451486E-09   1.1966118869E-01   2.1418034080E-04  -1.7412968163E-04   9.9999996190E-01   2.7603326967E-04   5.6005646571E+00   0.0000000000E+00   8.5525514693E-02   1.5981234724E-02
  1.1167224080E+02   3.8925650058E-09   1.1803087739E-01  -6.9637262292E-05   1.2658111254E-06   9.9999999757E-01   6.9648763880E-05   3.1234174454E+00   0.0000000000E+00   8.6228927865E-02   1.5606241880E-02
  1.1230769231E+02   3.9250667994E-09   1.1724376619E-01  -5.3962771275E-05  -5.1815788215E-05   9.9999999720E-01   7.4812140154E-05   3.9066966448E+00   0.0000000000E+00   8.5786390446E-02   1.5049467969E-02
  1.1294314381E+02   4.0054350677E-09   1.1574222510E-01  -1.4361404147E-04   3.5890087218E-04   9.9999992528E-01   3.8656802266E-04   1.9514316652E+00   0.0000000000E+00   8.6390641954E-02   1.4698612792E-02
  1.1357859532E+02   4.0622459670E-09   1.1459359879E-01   1.9418913170E-04  -1.2456838958E-04   9.9999997339E-01   2.3070913230E-04   5.7128230776E+00   0.0000000000E+00   8.6715893968E-02   1.4140628892E-02
  1.1421404682E+02   4.1121749539E-09   1.1353482802E-01   1.7305208953E-04   1.1198460659E-04   9.9999997876E-01   2.0612515304E-04   5.7434444169E-01   0.0000000000E+00   8.6584196581E-02   1.3584033406E-02
  1.1484949833E+02   4.1720191020E-09   1.1224748812E-01  -7.5641494369E-05  -1.0443652046E-04   9.9999999169E-01   1.2895201714E-04   4.0855515601E+00   0.0000000000E+00   8.7166128209E-02   1.3155686161E-02
  1.1548494983E+02   4.2326685856E-09   1.1157196988E-01  -5.6484063794E-05  -9.9613762456E-05   9.9999999344E-01   1.1451354106E-04   4.1965644473E+00   0.0000000000E+00   8.6753008552E-02   1.2579301185E-02
  1.1612040134E+02   4.2811688079E-09   1.1047734752E-01   6.7379820293E-05   5.3925944269E-04   9.9999985233E-01   5.4345268011E-04   1.4464917448E+00   0.0000000000E+00   8.7185065698E-02   1.2231670423E-02
  1.1675585284E+02   4.3412076064E-09   1.0911358144E-01  -2.4093196007E-04  -2.9315572191E-04   9.9999992801E-01   3.7945815751E-04   4.0244622094E+00   0.0000000000E+00   8.7967230126E-02   1.1932216086E-02
  1.1739130435E+02   4.3690732859E-09   1.0868819677E-01   5.6427671324E-04   1.3846519679E-04   9.9999983121E-01   5.8101708915E-04   2.4063069938E-01   0.0000000000E+00   8.7439948754E-02   1.1556024045E-02
  1.1802675585E+02   4.4209895255E-09   1.0762822435E-01  -4.2312131094E-04  -1.0909319635E-04   9.9999990453E-01   4.3695878679E-04   3.3939266642E+00   0.0000000000E+00   8.7730240512E-02   1.1177965009E-02
  1.1866220736E+02   4.4638014175E-09   1.0670146787E-01   1.5091923617E-04  -1.0708316677E-04   9.9999998288E-01   1.8504977762E-04   5.6660856126E+00   0.0000000000E+00   8.8025888652E-02   1.0942615740E-02
  1.1929765886E+02   4.4926157648E-09   1.0591178920E-01  -8.7632094128E-05  -2.4915735347E-04   9.9999996512E-01   2.6411885929E-04   4.3741881551E+00   0.0000000000E+00   8.8128772902E-02   1.0738052167E-02
  1.1993311037E+02   4.5439919602E-09   1.0486830022E-01  -1.5247523786E-04   3.1935782537E-04   9.9999993738E-01   3.5388998834E-04   2.0162362470E+00   0.0000000000E+00   8.8686957410E-02   1.0589137494E-02
  1.2056856187E+02   4.5800256903E-09   1.0448687449E-01  -3.1596161798E-04  -1.2010403818E-04   9.9999994287E-01   3.3801882829E-04   3.5048464756E+00   0.0000000000E+00   8.8317135951E-02   1.0440965302E-02
  1.2120401338E+02   4.6119620092E-09   1.0362594154E-01   7.3860042900E-04   4.0869248989E-04   9.9999964372E-01   8.4413287724E-04   5.0539905106E-01   0.0000000000E+00   8.8644554284E-02   1.0314192869E-02
  1.2183946488E+02   4.6588284226E-09   1.0273293248E-01  -5.3363295105E-04  -2.2386955687E-04   9.9999983256E-01   5.7868967708E-04   3.5388123296E+00   0.0000000000E+00   8.9026437501E-02   1.0180774983E-02
  1.2247491639E+02   4.6760674447E-09   1.0187234234E-01   1.3802979210E-04   2.6154361828E-04   9.9999995627E-01   2.9573178772E-04   1.0851955185E+00   0.0000000000E+00   8.9504787175E-02   1.0200996101E-02
  1.2311036789E+02   4.6925181740E-09   1.0153461975E-01   1.9737031671E-04  -4.0099140076E-04   9.9999990013E-01   4.4693305798E-04   5.1697818575E+00   0.0000000000E+00   8.8933589781E-02   1.0180317939E-02
  1.2374581940E+02   4.7377935280E-09   1.0083597336E-01  -2.9648404977E-04   5.3411624873E-04   9.9999981341E-01   6.1088706421E-04   2.0775410976E+00   0.0000000000E+00   8.9339360896E-02   1.0275835284E-02
  1.2438127090E+02   4.7628222134E-09   9.9918079486E-02  -6.2091135531E-05  -4.1171738346E-04   9.9999991332E-01   4.1637305746E-04   4.5627068633E+00   0.0000000000E+00   8.9873880335E-02   1.0300802396E-02
  1.2501672241E+02   4.7833893018E-09   9.9609408704E-02   1.6348094319E-04   2.9451254818E-04   9.9999994327E-01   3.3684367819E-04   1.0640537180E+00   0.0000000000E+00   8.9521731203E-02   1.0331891410E-02
  1.2565217391E+02   4.7994129874E-09   9.8901589706E-02  -4.0174218133E-05  -6.5336585082E-04   9.9999978575E-01   6.5459985031E-04   4.6509782063E+00   0.0000000000E+00   8.9908285832E-02   1.0502518149E-02
  1.2628762542E+02   4.8255387236E-09   9.8493561301E-02  -5.4220829656E-05   3.8278923738E-04   9.9999992527E-01   3.8661027665E-04   1.7115069402E+00   0.0000000000E+00   8.9804059587E-02   1.0611751323E-02
  1.2692307692E+02   4.8283150349E-09   9.7771477596E-02   1.2426909957E-04   1.2245404570E-04   9.9999998478E-01   1.7446433102E-04   7.7804165401E-01   0.0000000000E+00   9.0217825285E-02   1.0813844742E-02
  1.2755852843E+02   4.8525638771E-09   9.7011700668E-02  -4.8083303455E-05   4.1532822477E-05   9.9999999798E-01   6.3537225110E-05   2.4291596185E+00   0.0000000000E+00   9.0856788557E-02   1.1089170180E-02
  1.2819397993E+02   4.8841919628E-09   9.6884607188E-02  -2.0640559418E-04   8.1121388530E-05   9.9999997541E-01   2.2177454619E-04   2.7671185421E+00   0.0000000000E+00   9.0469128760E-02   1.1366117368E-02
  1.2882943144E+02   4.8526644217E-09   9.6337696225E-02  -1.1196722794E-04  -8.2508988088E-05   9.9999999033E-01   1.3908412126E-04   3.7766588658E+00   0.0000000000E+00   9.0500869229E-02   1.1483743993E-02
  1.2946488294E+02   4.8720838934E-09   9.5580500738E-02   2.0330522118E-04  -2.0735860772E-04   9.9999995783E-01   2.9039732701E-04   5.4879171367E+00   0.0000000000E+00   9.1257357891E-02   1.1672389526E-02
  1.3010033445E+02   4.8908805097E-09   9.5134080495E-02  -1.3312943442E-04   4.1703167796E-05   9.9999999027E-01   1.3950842351E-04   2.8380221094E+00   0.0000000000E+00   9.1301041347E-02   1.2091302837E-02
  1.3073578595E+02   4.8740047726E-09   9.4943916036E-02  -4.0253602995E-05   8.2597191272E-06   9.9999999916E-01   4.1092277618E-05   2.9392097636E+00   0.0000000000E+00   9.1003685875E-02   1.2257579210E-02
  1.3137123746E+02   4.8987587278E-09   9.4214173311E-02  -1.3319895317E-04  -2.6305165985E-04   9.9999995653E-01   2.9485274100E-04   4.2436659790E+00   0.0000000000E+00   9.1656431613E-02   1.2520191070E-02
  1.3200668896E+02   4.9118904113E-09   9.3890718849E-02   3.8218118487E-04   1.0585335697E-04   9.9999992137E-01   3.9656953888E-04   2.7019832138E-01   0.0000000000E+00   9.1642897772E-02   1.2836190607E-02
  1.3264214047E+02   4.8921825914E-09   9.3555185630E-02  -4.0955508798E-04   8.4782877196E-05   9.9999991254E-01   4.1823858794E-04   2.9374638284E+00   0.0000000000E+00   9.1650069226E-02   1.3144249667E-02
  1.3327759197E+02   4.9132541287E-09   9.2846810312E-02  -6.1707801233E-05   5.3036706769E-05   9.9999999669E-01   8.1367960936E-05   2.4316198429E+00   0.0000000000E+00   9.2269124019E-02   1.3380981968E-02
  1.3391304348E+02   4.9236051626E-09   9.2766006228E-02   3.2841310611E-04  -1.1406148830E-04   9.9999993957E-01   3.4765672112E-04   5.9489080282E+00   0.0000000000E+00   9.1982871364E-02   1.3708409320E-02
  1.3454849498E+02   4.8976991331E-09   9.2136798539E-02  -4.5222238068E-05  -1.4798401851E-04   9.9999998803E-01   1.5473952564E-04   4.4158128931E+00   0.0000000000E+00   9.2475921420E-02   1.4095496509E-02
  1.3518394649E+02   4.8927409336E-09   9.2003683708E-02  -2.1542900725E-04   3.1466139708E-04   9.9999992729E-01   3.8134165605E-04   2.1711373403E+00   0.0000000000E+00   9.2239185628E-02   1.4471024343E-02
  1.3581939799E+02   4.9055321409E-09   9.1687298590E-02  -3.1707867140E-05  -2.7180026942E-04   9.9999996256E-01   2.7364352205E-04   4.5962552094E+00   0.0000000000E+00   9.2229713350E-02   1.4796032340E-02
  1.3645484950E+02   4.8906720723E-09   9.0963341836E-02   2.4282618819E-04   5.4327745953E-05   9.9999996904E-01   2.4882938451E-04   2.2010626230E-01   0.0000000000E+00   9.3270269615E-02   1.5123461950E-02
  1.3709030100E+02   4.8675913851E-09   9.0797069939E-02  -2.6174537179E-04   4.3068499280E-05   9.9999996482E-01   2.6526503105E-04   2.9785104696E+00   0.0000000000E+00   9.3030351025E-02   1.5529822880E-02
  1.3772575251E+02   4.8883686121E-09   9.0584041509E-02   2.1489481697E-04  -1.9423086294E-04   9.9999995805E-01   2.8966431009E-04   5.5482518555E+00   0.0000000000E+00   9.2956633787E-02   1.5915772689E-02
  1.3836120401E+02   4.8359139557E-09   9.0252265489E-02   1.2405531218E-04   1.6219481413E-04   9.9999997915E-01   2.0419813549E-04   9.1785639580E-01   0.0000000000E+00   9.3237616152E-02   1.6215834559E-02
  1.3899665552E+02   4.8640789113E-09   8.9682777292E-02  -5.6671014441E-04  -2.8366111888E-05   9.9999983902E-01   5.6741964946E-04   3.1916049186E+00   0.0000000000E+00   9.3817365712E-02   1.6540406665E-02
  1.3963210702E+02   4.8315843033E-09   8.9750379456E-02   4.3242522784E-04   3.2931618047E-04   9.9999985228E-01   5.4354461948E-04   6.5085624353E-01   0.0000000000E+00   9.3230312627E-02   1.6903050603E-02
  1.4026755853E+02   4.8351404505E-09   8.9178967665E-02  -2.6361710565E-04  -3.8761363362E-04   9.9999989013E-01   4.6876254449E-04   4.1151420512E+00   0.0000000000E+00   9.3880641880E-02   1.7253144811E-02
  1.4090301003E+02   4.8073355193E-09   8.9057741718E-02   6.3080838534E-05   4.4894962631E-04   9.9999989723E-01   4.5335965108E-04   1.4312025690E+00   0.0000000000E+00   9.3863665439E-02   1.7663176667E-02
  1.4153846154E+02   4.8020766054E-09   8.8552552628E-02   1.1979054350E-04  -3.0624311016E-04   9.9999994593E-01   3.2883828888E-04   5.0852528993E+00   0.0000000000E+00   9.4371894289E-02   1.8031213760E-02
  1.4217391304E+02   4.7905227879E-09   8.8216429427E-02  -2.5216025788E-04   2.7197610626E-04   9.9999993122E-01   3.7088516236E-04   2.3184058218E+00   0.0000000000E+00   9.4715521931E-02   1.8311694273E-02
  1.4280936455E+02   4.7693381797E-09   8.8364050913E-02   1.9647851148E-04  -6.5741127937E-05   9.9999997854E-01   2.0718518671E-04   5.9602978503E+00   0.0000000000E+00   9.4062770213E-02   1.8721629929E-02
  1.4344481605E+02   4.7819960825E-09   8.7681720916E-02   3.6962811115E-05  -1.9418020628E-04   9.9999998046E-01   1.9766689669E-04   4.9004917363E+00   0.0000000000E+00   9.4970382495E-02   1.9006875624E-02
  1.4408026756E+02   4.7148831791E-09   8.7845425288E-02  -5.2571708929E-05   1.9059195900E-04   9.9999998046E-01   1.9770958413E-04   1.8399375721E+00   0.0000000000E+00   9.4354457116E-02   1.9454382462E-02
  1.4471571906E+02   4.7342889640E-09   8.7127325096E-02  -1.2098804872E-05   4.6073638536E-05   9.9999999887E-01   4.7635714582E-05   1.8275955160E+00   0.0000000000E+00   9.5343057606E-02   1.9676363369E-02
  1.4535117057E+02   4.6727531399E-09   8.7510419024E-02  -1.7761141532E-04   2.0959908917E-05   9.9999998401E-01   1.7884387780E-04   3.0241260166E+00   0.0000000000E+00   9.4455416964E-02   2.0117676010E-02
  1.4598662207E+02   4.6974489441E-09   8.6844097444E-02   2.0053899462E-04  -3.2449551260E-04   9.9999992724E-01   3.8146196797E-04   5.2659404567E+00   0.0000000000E+00   9.5410698031E-02   2.0406708620E-02
  1.4662207358E+02   4.6677380873E-09   8.6610355148E-02  -2.5625306001E-04  -7.6875522273E-05   9.9999996421E-01   2.6753593814E-04   3.4330480313E+00   0.0000000000E+00   9.5523800385E-02   2.0881964620E-02
  1.4725752508E+02   4.6199147145E-09   8.6728034559E-02   2.3437031549E-04   2.7935346042E-04   9.9999993352E-01   3.6464750988E-04   8.7273830063E-01   0.0000000000E+00   9.5125870261E-02   2.1226346317E-02
  1.4789297659E+02   4.6288965020E-09   8.6084883338E-02  -2.0610189712E-04  -2.8962149568E-04   9.9999993682E-01   3.5546955959E-04   4.0939035363E+00   0.0000000000E+00   9.6120363858E-02   2.1558313371E-02
  1.4852842809E+02   4.5794985134E-09   8.6185490862E-02   1.8932542067E-04   1.7912429387E-04   9.9999996604E-01   2.6063313100E-04   7.5771861571E-01   0.0000000000E+00   9.5767011823E-02   2.2001535686E-02
  1.4916387960E+02   4.5826571578E-09   8.5706355068E-02   5.5636887119E-05   5.1262941712E-05   9.9999999714E-01   7.5652840259E-05   7.4450467430E-01   0.0000000000E+00   9.6542737239E-02   2.2311541229E-02
  1.4979933110E+02   4.5427776389E-09   8.5748884531E-02   1.0836621769E-04  -3.1222357223E-04   9.9999994539E-01   3.3049478083E-04   5.0464591276E+00   0.0000000000E+00   9.6169369025E-02   2.2700778150E-02
  1.5043478261E+02   4.5262107191E-09   8.5592528582E-02  -2.6255473640E-04   4.7235132231E-04   9.9999985397E-01   5.4041723654E-04   2.0781169790E+00   0.0000000000E+00   9.6257736327E-02   2.3148292758E-02
  1.5107023411E+02   4.5003331306E-09   8.5305741579E-02   4.7911267435E-05  -2.2561298475E-04   9.9999997340E-01   2.3064411871E-04   4.9216408169E+00   0.0000000000E+00   9.6583344102E-02   2.3417248045E-02
  1.5170568562E+02   4.4746723297E-09   8.5030364940E-02   4.8894895383E-05   1.3580958990E-04   9.9999998958E-01   1.4434318603E-04   1.2252183032E+00   0.0000000000E+00   9.6968981581E-02   2.3800044021E-02
  1.5234113712E+02   4.4550209532E-09   8.5070193971E-02  -2.9697512819E-04  -3.4134576884E-04   9.9999989764E-01   4.5245018996E-04   3.9963906804E+00   0.0000000000E+00   9.6603953694E-02   2.4127841966E-02
  1.5297658863E+02   4.4350416645E-09   8.4841612941E-02   3.7839888419E-04   2.3094482358E-04   9.9999990174E-01   4.4330716220E-04   5.4797400181E-01   0.0000000000E+00   9.7014515298E-02   2.4515558699E-02
  1.5361204013E+02   4.3845341007E-09   8.4687884598E-02   5.4634387778E-05  -1.7785983739E-05   9.9999999835E-01   5.7456570473E-05   5.9684600242E+00   0.0000000000E+00   9.7078054824E-02   2.4941413869E-02
  1.5424749164E+02   4.3712206628E-09   8.4466772213E-02   1.8600902098E-04   7.2878077546E-05   9.9999998004E-01   1.9977630013E-04   3.7341628835E-01   0.0000000000E+00   9.7508131292E-02   2.5288571997E-02
  1.5488294314E+02   4.3504970019E-09   8.4407099566E-02  -4.6902170640E-04  -9.3652943010E-06   9.9999988997E-01   4.6911521576E-04   3.1615577209E+00   0.0000000000E+00   9.7399336020E-02   2.5628447284E-02
  1.5551839465E+02   4.3115831974E-09   8.4160093419E-02   1.1646799432E-04   6.4188309976E-05   9.9999999116E-01   1.3298470752E-04   5.0370577742E-01   0.0000000000E+00   9.7784893986E-02   2.6122315700E-02
  1.5615384615E+02   4.2889852921E-09   8.4141376856E-02   1.4993014590E-04  -6.4591643572E-04   9.9999978016E-01   6.6308910037E-04   4.9404699538E+00   0.0000000000E+00   9.7680991376E-02   2.6447500694E-02
  1.5678929766E+02   4.2635753833E-09   8.4166062143E-02   1.5972104559E-04   7.2136689110E-04   9.9999972706E-01   7.3883767038E-04   1.3528972823E+00   0.0000000000E+00   9.7600678117E-02   2.6844851172E-02
  1.5742474916E+02   4.2436208446E-09   8.3778600592E-02  -5.5218035267E-04  -2.1113601784E-04   9.9999982526E-01   5.9116968824E-04   3.5068071162E+00   0.0000000000E+00   9.8083190446E-02   2.7101977628E-02
  1.5806020067E+02   4.1886489944E-09   8.3562284171E-02   3.2870334323E-05  -2.4528838292E-04   9.9999996938E-01   2.4748101097E-04   4.8456022496E+00   0.0000000000E+00   9.8665381849E-02   2.7516440153E-02
  1.5869565217E+02   4.1898686647E-09   8.3812063301E-02  -2.4104976842E-05   5.1433578886E-05   9.9999999839E-01   5.6801959944E-05   2.0090609424E+00   0.0000000000E+00   9.7978855472E-02   2.8055798141E-02
  1.5933110368E+02   4.1409728815E-09   8.3325740862E-02  -9.9849515499E-05   2.0865856738E-04   9.9999997325E-01   2.3131866382E-04   2.0171213954E+00   0.0000000000E+00   9.9080374264E-02   2.8447266646E-02
  1.5996655518E+02   4.1004506354E-09   8.3316485518E-02   2.9370912433E-04  -3.7985121146E-04   9.9999988472E-01   4.8015831779E-04   5.3705869645E+00   0.0000000000E+00   9.8870982429E-02   2.8719250250E-02
  1.6060200669E+02   4.1146367912E-09   8.3331159655E-02   1.8651635624E-04   3.0313595182E-04   9.9999993666E-01   3.5592100468E-04   1.0192103651E+00   0.0000000000E+00   9.8716849960E-02   2.9083730221E-02
  1.6123745819E+02   4.0400531768E-09   8.3193652926E-02  -1.9687099155E-04  -2.0160438010E-04   9.9999996030E-01   2.8178451929E-04   3.9388690064E+00   0.0000000000E+00   9.8959953858E-02   2.9516966639E-02
  1.6187290970E+02   4.0619079479E-09   8.3018596891E-02   9.8633835503E-05   1.9893273655E-04   9.9999997535E-01   2.2204249141E-04   1.1105023162E+00   0.0000000000E+00   9.9362171573E-02   2.9927187625E-02
  1.6250836120E+02   3.9728558160E-09   8.3068714559E-02  -4.7288880493E-05  -3.8062259424E-04   9.9999992645E-01   3.8354895983E-04   4.5887815112E+00   0.0000000000E+00   9.9060561268E-02   3.0341493579E-02
  1.6314381271E+02   3.9749978950E-09   8.2822511922E-02   7.9357588938E-05   5.4519589775E-05   9.9999999536E-01   9.6280904350E-05   6.0195567305E-01   0.0000000000E+00   9.9622182277E-02   3.0882677399E-02
  1.6377926421E+02   3.9342278583E-09   8.2757733923E-02  -1.8799062244E-04   2.6238680183E-04   9.9999994791E-01   3.2278059303E-04   2.1924865164E+00   0.0000000000E+00   9.9773857533E-02   3.1215257498E-02
  1.6441471572E+02   3.9106820497E-09   8.2895918909E-02   9.1819224612E-05  -1.6895754440E-04   9.9999998151E-01   1.9229514328E-04   5.2101860558E+00   0.0000000000E+00   9.9291205961E-02   3.1640473850E-02
  1.6505016722E+02   3.8653520851E-09   8.2666193391E-02  -5.9622978683E-05  -4.3327512404E-05   9.9999999728E-01   7.3703273279E-05   3.7700086873E+00   0.0000000000E+00   9.9842969604E-02   3.1977881467E-02
  1.6568561873E+02   3.8554024495E-09   8.2533184041E-02  -1.1356247925E-04   4.3155547220E-04   9.9999990043E-01   4.4624721286E-04   1.8281097473E+00   0.0000000000E+00   1.0010454297E-01   3.2424560656E-02
  1.6632107023E+02   3.8175194684E-09   8.2622297054E-02   2.6306689900E-04  -6.5709376422E-04   9.9999974951E-01   7.0779692827E-04   5.0931962720E+00   0.0000000000E+00   9.9994454406E-02   3.2832649748E-02
  1.6695652174E+02   3.7625981411E-09   8.2515881007E-02  -3.6921806442E-04   6.1945831382E-04   9.9999973997E-01   7.2114538877E-04   2.1082943662E+00   0.0000000000E+00   1.0018807485E-01   3.3252935721E-02
  1.6759197324E+02   3.7569621651E-09   8.2377219831E-02   4.8023602548E-04  -6.2694345661E-04   9.9999968816E-01   7.8973721408E-04   5.3660490194E+00   0.0000000000E+00   1.0080772327E-01   3.3770460218E-02
  1.6822742475E+02   3.7168654646E-09   8.2169132895E-02  -8.7769972804E-05   4.8833706858E-04   9.9999987691E-01   4.9616194969E-04   1.7486300103E+00   0.0000000000E+00   1.0110872955E-01   3.4162108055E-02
  1.6886287625E+02   3.6845236871E-09   8.2504519121E-02   7.6578405528E-05   9.8560806051E-05   9.9999999221E-01   1.2481379941E-04   9.1025909183E-01   0.0000000000E+00   1.0028817068E-01   3.4609331336E-02
  1.6949832776E+02   3.6400121285E-09   8.2199442351E-02  -4.7718220889E-04   2.5320714615E-04   9.9999985409E-01   5.4020065498E-04   2.6537424413E+00   0.0000000000E+00   1.0109342449E-01   3.4979504759E-02
  1.7013377926E+02   3.6314955041E-09   8.2383108659E-02   3.9667356210E-04  -7.4001984214E-04   9.9999964751E-01   8.3963054193E-04   5.2044441986E+00   0.0000000000E+00   1.0070176476E-01   3.5437790905E-02
  1.7076923077E+02   3.5826725715E-09   8.2106702051E-02  -1.3625548978E-04   4.4485795079E-04   9.9999989177E-01   4.6525710150E-04   1.8680136201E+00   0.0000000000E+00   1.0146489718E-01   3.5925211580E-02
  1.7140468227E+02   3.5667602757E-09   8.1988864984E-02  -4.1314578045E-04  -2.7709059818E-04   9.9999987627E-01   4.9746221499E-04   3.7323718904E+00   0.0000000000E+00   1.0190961304E-01   3.6386021198E-02
  1.7204013378E+02   3.5326221848E-09   8.2207738197E-02   4.6520766478E-04  -2.0951149144E-04   9.9999986984E-01   5.1020903444E-04   5.8600310309E+00   0.0000000000E+00   1.0143632340E-01   3.6834233851E-02
  1.7267558528E+02   3.4716479479E-09   8.2246642745E-02  -2.2088176864E-04   2.3886542120E-04   9.9999994708E-01   3.2533897503E-04   2.3170980277E+00   0.0000000000E+00   1.0134947968E-01   3.7234561675E-02
  1.7331103679E+02   3.4571848444E-09   8.2006762910E-02   2.4559893384E-04  -1.9537091204E-04   9.9999995076E-01   3.1382898679E-04   5.6112018772E+00   0.0000000000E+00   1.0192838862E-01   3.7642036810E-02
  1.7394648829E+02   3.4348361566E-09   8.2041061596E-02  -1.7052288935E-04  -1.2162042195E-04   9.9999997807E-01   2.0945067018E-04   3.7611364456E+00   0.0000000000E+00   1.0197187409E-01   3.8132443598E-02
  1.7458193980E+02   3.3713329596E-09   8.2034528659E-02   2.2754143753E-04  -8.5103030519E-05   9.9999997049E-01   2.4293544951E-04   5.9252818718E+00   0.0000000000E+00   1.0216452169E-01   3.8701374521E-02
  1.7521739130E+02   3.3802260397E-09   8.2118146027E-02  -3.6884318411E-04   4.2765163924E-04   9.9999984053E-01   5.6473998649E-04   2.2824941504E+00   0.0000000000E+00   1.0198591984E-01   3.9111657607E-02
  1.7585284281E+02   3.3029585204E-09   8.1975386720E-02   3.1747152902E-04   1.2654425900E-04   9.9999994160E-01   3.4176252827E-04   3.7929919052E-01   0.0000000000E+00   1.0254229742E-01   3.9660368871E-02
  1.7648829431E+02   3.3042640150E-09   8.2057079105E-02  -3.1844725704E-04  -3.3555275877E-05   9.9999994873E-01   3.2021026722E-04   3.2465767793E+00   0.0000000000E+00   1.0232607669E-01   3.9988645228E-02
  1.7712374582E+02   3.2661084958E-09   8.1974819643E-02  -2.6786825686E-04  -5.7681676459E-04   9.9999979776E-01   6.3598037485E-04   4.2776325207E+00   0.0000000000E+00   1.0290250135E-01   4.0516656824E-02
  1.7775919732E+02   3.2378420788E-09   8.2043656034E-02   5.2079775914E-04   1.8751326387E-04   9.9999984680E-01   5.5352647749E-04   3.4559989550E-01   0.0000000000E+00   1.0298779995E-01   4.0969465006E-02
  1.7839464883E+02   3.1840844981E-09   8.1989642403E-02  -5.3543959837E-05   3.2018462860E-05   9.9999999805E-01   6.2386997864E-05   2.6026563903E+00   0.0000000000E+00   1.0297840014E-01   4.1469050625E-02
  1.7903010033E+02   3.1519030878E-09   8.2238018162E-02  -4.2297678664E-04   3.7800042498E-04   9.9999983910E-01   5.6726864680E-04   2.4122874472E+00   0.0000000000E+00   1.0286185869E-01   4.1986744265E-02
  1.7966555184E+02   3.1565426730E-09   8.1633563190E-02   4.9678017224E-04  -4.1597727870E-04   9.9999979009E-01   6.4794111956E-04   5.5860831086E+00   0.0000000000E+00   1.0425537225E-01   4.2446586104E-02
  1.8030100334E+02   3.0837408765E-09   8.2324865460E-02  -1.7287206945E-04   5.2287171424E-05   9.9999998369E-01   1.8060648089E-04   2.8478789972E+00   0.0000000000E+00   1.0283439454E-01   4.3019023429E-02
  1.8093645485E+02   3.0694847370E-09   8.2319228182E-02   1.7694136856E-04   1.0840897362E-04   9.9999997847E-01   2.0751085221E-04   5.4969309944E-01   0.0000000000E+00   1.0294062510E-01   4.3563536030E-02
  1.8157190635E+02   3.0406378117E-09   8.1876312659E-02  -2.1166344228E-04  -4.0175638629E-04   9.9999989690E-01   4.5410309480E-04   4.2274965347E+00   0.0000000000E+00   1.0431626263E-01   4.4015653138E-02
  1.8220735786E+02   2.9921980612E-09   8.2352434471E-02  -9.5505568972E-05   8.2073988489E-05   9.9999999207E-01   1.2592637988E-04   2.4316877194E+00   0.0000000000E+00   1.0319016248E-01   4.4477686650E-02
  1.8284280936E+02   2.9663886377E-09   8.2097851932E-02  -7.8393272619E-05   7.9138924880E-06   9.9999999690E-01   7.8791717053E-05   3.0409823389E+00   0.0000000000E+00   1.0416687029E-01   4.4988661425E-02
  1.8347826087E+02   2.9508935913E-09   8.2011907113E-02   3.1968795389E-05  -2.0590613553E-05   9.9999999928E-01   3.8026002866E-05   5.7109796813E+00   0.0000000000E+00   1.0461154541E-01   4.5463572273E-02
  1.8411371237E+02   2.8972455792E-09   8.2388902596E-02  -1.8752779582E-04  -1.6436209370E-04   9.9999996891E-01   2.4936233386E-04   3.8612534266E+00   0.0000000000E+00   1.0393831834E-01   4.6170627939E-02
  1.8474916388E+02   2.8700972303E-09   8.2335691906E-02   1.0984999908E-04   4.6171892183E-05   9.9999999290E-01   1.1915899504E-04   3.9789796966E-01   0.0000000000E+00   1.0421132607E-01   4.6626102854E-02
  1.8538461538E+02   2.8437429589E-09   8.2304530090E-02   7.2381469367E-04  -1.6573656189E-04   9.9999972431E-01   7.4254725079E-04   6.0580892046E+00   0.0000000000E+00   1.0461688411E-01   4.7119840923E-02
  1.8602006689E+02   2.7987862966E-09   8.2299798097E-02  -3.0769362820E-04   6.0297005248E-05   9.9999995084E-01   3.1354601126E-04   2.9480804476E+00   0.0000000000E+00   1.0488289935E-01   4.7598545860E-02
  1.8665551839E+02   2.7892580867E-09   8.2410527996E-02   8.0854456203E-05   1.3152006586E-04   9.9999998808E-01   1.5438578605E-04   1.0195880038E+00   0.0000000000E+00   1.0485241172E-01   4.8314410403E-02
  1.8729096990E+02   2.7562250522E-09   8.2310312341E-02  -6.2976816135E-04  -3.1766165910E-04   9.9999975124E-01   7.0534881351E-04   3.6087624164E+00   0.0000000000E+00   1.0539200873E-01   4.8806247739E-02
  1.8792642140E+02   2.7015249341E-09   8.2671116701E-02   3.2813113683E-04   2.4663513681E-04   9.9999991575E-01   4.1048622801E-04   6.4454725215E-01   0.0000000000E+00   1.0478025413E-01   4.9307617992E-02
  1.8856187291E+02   2.6849493485E-09   8.2566314115E-02   1.8277174069E-04  -3.8697951058E-04   9.9999990842E-01   4.2797039842E-04   5.1536348395E+00   0.0000000000E+00   1.0530607240E-01   4.9878607653E-02
  1.8919732441E+02   2.6551809061E-09   8.2840809710E-02  -6.0549297242E-04   8.1031079011E-05   9.9999981341E-01   6.1089100649E-04   3.0085564806E+00   0.0000000000E+00   1.0504676876E-01   5.0400090723E-02
  1.8983277592E+02   2.6202683116E-09   8.2553596976E-02   5.3172217833E-04   2.3263497643E-04   9.9999983158E-01   5.8038568612E-04   4.1242073900E-01   0.0000000000E+00   1.0585752914E-01   5.0913006334E-02
  1.9046822742E+02   2.5896321986E-09   8.3063920845E-02   6.3339024334E-05   3.9617450860E-04   9.9999991952E-01   4.0120578477E-04   1.4122614092E+00   0.0000000000E+00   1.0505289538E-01   5.1449329689E-02
  1.9110367893E+02   2.5503533064E-09   8.2865655344E-02  -2.9874751362E-04  -2.0221709510E-04   9.9999993493E-01   3.6075176514E-04   3.7366347518E+00   0.0000000000E+00   1.0586072263E-01   5.1981369198E-02
  1.9173913043E+02   2.5382762135E-09   8.2746547964E-02  -1.0267637106E-04  -2.7715009378E-04   9.9999995632E-01   2.9555813972E-04   4.3575938928E+00   0.0000000000E+00   1.0654108494E-01   5.2489461575E-02
  1.9237458194E+02   2.4863419836E-09   8.3167787853E-02   1.8175954263E-04   2.2421826532E-04   9.9999995834E-01   2.8863534755E-04   8.8960319257E-01   0.0000000000E+00   1.0580909333E-01   5.3154057902E-02
  1.9301003344E+02   2.4842875410E-09   8.3102641305E-02  -3.4288270574E-05  -6.1747101740E-04   9.9999980878E-01   6.1842234060E-04   4.6569157826E+00   0.0000000000E+00   1.0637519896E-01   5.3666366571E-02
  1.9364548495E+02   2.4273420694E-09   8.3167853281E-02   4.4388368776E-05   1.6147588427E-04   9.9999998598E-01   1.6746578192E-04   1.3025308709E+00   0.0000000000E+00   1.0646451730E-01   5.4262991726E-02
  1.9428093645E+02   2.3955210232E-09   8.3553034318E-02   5.6689538950E-05   2.3689629211E-04   9.9999997033E-01   2.4358480687E-04   1.3359123040E+00   0.0000000000E+00   1.0602847538E-01   5.4857471821E-02
  1.9491638796E+02   2.3690151712E-09   8.3451396119E-02   4.9182256612E-04  -2.4229287990E-04   9.9999984970E-01   5.4826572548E-04   5.8254407065E+00   0.0000000000E+00   1.0672123812E-01   5.5493613371E-02
  1.9555183946E+02   2.3538244011E-09   8.3334639578E-02  -2.0106160615E-04   7.3262450710E-05   9.9999997710E-01   2.1399335633E-04   2.7921666754E+00   0.0000000000E+00   1.0704925726E-01   5.5958787431E-02
  1.9618729097E+02   2.3102949857E-09   8.3705459394E-02  -7.4971145556E-04   1.7589876272E-04   9.9999970350E-01   7.7006996970E-04   2.9111389893E+00   0.0000000000E+00   1.0700398338E-01   5.6630343661E-02
  1.9682274247E+02   2.2890929422E-09   8.3680594820E-02   4.4229913739E-04  -4.4303979191E-04   9.9999980404E-01   6.2602942023E-04   5.4969505666E+00   0.0000000000E+00   1.0710730166E-01   5.7142711168E-02
  1.9745819398E+02   2.2490010847E-09   8.4022779617E-02  -3.2618908011E-04   1.8699052456E-04   9.9999992932E-01   3.7598507741E-04   2.6210684611E+00   0.0000000000E+00   1.0667988497E-01   5.7813994286E-02
  1.9809364548E+02   2.2163732360E-09   8.4067317212E-02   1.8389754035E-04   6.1626997494E-05   9.9999998119E-01   1.9394894245E-04   3.2335404344E-01   0.0000000000E+00   1.0702092183E-01   5.8386039955E-02
  1.9872909699E+02   2.2014408034E-09   8.4010098805E-02   3.8934083333E-04   5.1706461694E-05   9.9999992287E-01   3.9275927797E-04   1.3203252367E-01   0.0000000000E+00   1.0780037929E-01   5.8998075954E-02
  1.9936454849E+02   2.1658747822E-09   8.4477633681E-02  -5.2822258653E-04  -3.9826493228E-05   9.9999985970E-01   5.2972188597E-04   3.2168474476E+00   0.0000000000E+00   1.0696584931E-01   5.9494164612E-02
  2.0000000000E+02   2.1317557564E-09   8.4292796186E-02  -2.9596161833E-05  -3.1870700597E-04   9.9999994877E-01   3.2007825945E-04   4.6197913160E+00   0.0000000000E+00   1.0786930327E-01   6.0098569591E-02
