# Analysis data at t =   3.840600000000E+05
# [01      radius]   [02       sigma]   [03       <h>/H]   [04          lx]   [05          ly]   [06          lz]   [07        tilt]   [08       twist]   [09         psi]   [10         H/R]   [11         |e|]
  1.0000000000E+01   1.9348005720E-10   4.5269171484E+00   1.0299417459E-03  -1.8147163982E-03   9.9999782301E-01   2.0866197366E-03   5.2286061361E+00   0.0000000000E+00   2.1939942339E-02   3.0246788750E-01
  1.0635451505E+01   4.4685186197E-10   2.0116318025E+00  -1.2569385865E-03  -4.1035504794E-04   9.9999912586E-01   1.3222280040E-03   3.4571552014E+00   0.0000000000E+00   3.7222764947E-02   2.5127666230E-01
  1.1270903010E+01   8.1998398935E-10   1.4692001925E+00  -1.9710004403E-04   3.5487240159E-04   9.9999991761E-01   4.0593454899E-04   2.0777843806E+00   0.0000000000E+00   4.0581213284E-02   2.0689500079E-01
  1.1906354515E+01   1.3284103916E-09   1.1967363552E+00  -9.2953928942E-05  -2.1711317757E-04   9.9999997211E-01   2.3617486277E-04   4.3078652638E+00   0.0000000000E+00   4.1682622203E-02   1.6533353959E-01
  1.2541806020E+01   1.7104288251E-09   1.0642664309E+00  -1.5477658637E-04   8.8682117091E-05   9.9999998409E-01   1.7838248302E-04   2.6212863985E+00   0.0000000000E+00   4.1136402298E-02   1.2868401057E-01
  1.3177257525E+01   2.0028585242E-09   9.7048476943E-01  -1.3826494255E-04  -6.0978347417E-04   9.9999980452E-01   6.2526244957E-04   4.4894148854E+00   0.0000000000E+00   4.1452736375E-02   9.6696129194E-02
  1.3812709030E+01   2.1745459185E-09   9.2187418425E-01  -4.3839852267E-04  -3.2685087608E-05   9.9999990337E-01   4.3961527759E-04   3.2160106240E+00   0.0000000000E+00   4.1162131957E-02   6.9875419283E-02
  1.4448160535E+01   2.2453226712E-09   8.6561183260E-01   1.9699694924E-04  -1.7470772550E-04   9.9999996533E-01   2.6330702422E-04   5.5576802982E+00   0.0000000000E+00   4.2302717302E-02   4.8449258357E-02
  1.5083612040E+01   2.2839834897E-09   8.4176491140E-01  -2.1429152265E-04   6.8997870999E-05   9.9999997466E-01   2.2512566279E-04   2.8300934499E+00   0.0000000000E+00   4.2117374730E-02   3.2308148541E-02
  1.5719063545E+01   2.2537928729E-09   8.0576098191E-01   3.7279169602E-04  -7.7992083021E-05   9.9999992747E-01   3.8086273200E-04   6.0769490116E+00   0.0000000000E+00   4.3014611826E-02   2.1353961347E-02
  1.6354515050E+01   2.2558114414E-09   7.8662625466E-01   9.8827086639E-06  -2.6497008317E-04   9.9999996485E-01   2.6515432258E-04   4.7496691509E+00   0.0000000000E+00   4.2891390602E-02   1.5081113541E-02
  1.6989966555E+01   2.3063263588E-09   7.5513050229E-01   1.0958554540E-04  -2.1463256338E-04   9.9999997096E-01   2.4098989690E-04   5.1844589972E+00   0.0000000000E+00   4.3683057685E-02   1.2607846850E-02
  1.7625418060E+01   2.3009765775E-09   7.2650160141E-01   4.3541470015E-04   8.0958443516E-04   9.9999957749E-01   9.1924597210E-04   1.0773485989E+00   0.0000000000E+00   4.4243153784E-02   1.1795810230E-02
  1.8260869565E+01   2.3824076946E-09   7.0111723463E-01  -2.8828778154E-04   1.6504761363E-04   9.9999994482E-01   3.3219055464E-04   2.6216317515E+00   0.0000000000E+00   4.4587574684E-02   1.1445572214E-02
  1.8896321070E+01   2.4265514403E-09   6.6934876355E-01  -3.0700720574E-04   4.0414928204E-05   9.9999995206E-01   3.0965592867E-04   3.0107036446E+00   0.0000000000E+00   4.5656065012E-02   1.1458623364E-02
  1.9531772575E+01   2.5149480404E-09   6.4880417190E-01   5.7990855419E-04  -3.5569021213E-04   9.9999976860E-01   6.8030105844E-04   5.7330032806E+00   0.0000000000E+00   4.5647291598E-02   1.1033852142E-02
  2.0167224080E+01   2.5996369134E-09   6.1702576135E-01   4.3867633894E-04  -3.7026155269E-05   9.9999990310E-01   4.4023616262E-04   6.1989806211E+00   0.0000000000E+00   4.6998577354E-02   1.1641224669E-02
  2.0802675585E+01   2.6204579445E-09   6.0167897744E-01  -2.1846086782E-04   9.1503200867E-05   9.9999997195E-01   2.3685013796E-04   2.7449392480E+00   0.0000000000E+00   4.6948894094E-02   1.1826474675E-02
  2.1438127090E+01   2.6680836296E-09   5.8527554368E-01  -2.4744060143E-05  -1.6624597716E-04   9.9999998588E-01   1.6807734519E-04   4.5646336473E+00   0.0000000000E+00   4.7246320544E-02   1.1796495264E-02
  2.2073578595E+01   2.7104142494E-09   5.6487174433E-01  -5.0193629523E-04  -3.7184534118E-04   9.9999980490E-01   6.2466715403E-04   3.7791937790E+00   0.0000000000E+00   4.7944735911E-02   1.2214828179E-02
  2.2709030100E+01   2.7660922841E-09   5.4639660923E-01   3.1401154626E-04   9.4931704939E-05   9.9999994619E-01   3.2804768469E-04   2.9358309807E-01   0.0000000000E+00   4.8438449467E-02   1.2390130915E-02
  2.3344481605E+01   2.8662143316E-09   5.3062986782E-01  -4.9170736892E-05  -9.1616335060E-05   9.9999999459E-01   1.0397747335E-04   4.2198120945E+00   0.0000000000E+00   4.8576032127E-02   1.2076660154E-02
  2.3979933110E+01   2.9665134393E-09   5.1063214470E-01   1.1262376262E-04   2.5133444336E-04   9.9999996207E-01   2.7541444576E-04   1.1495209192E+00   0.0000000000E+00   4.9226377666E-02   1.2003990063E-02
  2.4615384615E+01   3.0768964436E-09   4.9343360205E-01   8.9146263328E-05   3.2151336268E-05   9.9999999551E-01   9.4766898373E-05   3.4613819604E-01   0.0000000000E+00   4.9549256617E-02   1.2184600791E-02
  2.5250836120E+01   3.2650422085E-09   4.7457222904E-01  -1.8351549081E-04   2.7589410793E-04   9.9999994510E-01   3.3135403847E-04   2.1577595655E+00   0.0000000000E+00   5.0050523524E-02   1.2158127375E-02
  2.5886287625E+01   3.3815446539E-09   4.5691478446E-01   8.1603263620E-05  -1.7885139126E-04   9.9999998068E-01   1.9658818156E-04   5.1404389571E+00   0.0000000000E+00   5.0413282411E-02   1.1889767595E-02
  2.6521739130E+01   3.6334095096E-09   4.3733634255E-01   6.9823185144E-05  -1.9917863842E-04   9.9999997773E-01   2.1106256875E-04   5.0495586719E+00   0.0000000000E+00   5.1181849909E-02   1.1836392742E-02
  2.7157190635E+01   3.7697334546E-09   4.2264160447E-01   2.1676309493E-04   3.6732667104E-04   9.9999990904E-01   4.2651510400E-04   1.0376807190E+00   0.0000000000E+00   5.1427389198E-02   1.1951026415E-02
  2.7792642140E+01   3.9599768309E-09   4.0763900858E-01   3.5957487526E-04  -2.7802939673E-04   9.9999989670E-01   4.5452662286E-04   5.6249901575E+00   0.0000000000E+00   5.1936655176E-02   1.1654217855E-02
  2.8428093645E+01   4.1232136096E-09   3.9488972251E-01  -1.6921733370E-04   1.6665837680E-04   9.9999997180E-01   2.3750688736E-04   2.3638131042E+00   0.0000000000E+00   5.2263912469E-02   1.1549200400E-02
  2.9063545151E+01   4.3071042405E-09   3.8162340381E-01  -9.6442253052E-05  -2.7932420452E-04   9.9999995634E-01   2.9550485996E-04   4.3799342164E+00   0.0000000000E+00   5.2787384123E-02   1.1288387562E-02
  2.9698996656E+01   4.4262011135E-09   3.7035102798E-01   2.4479961336E-04  -3.8582205668E-05   9.9999996929E-01   2.4782138448E-04   6.1268638895E+00   0.0000000000E+00   5.3142197330E-02   1.1102922549E-02
  3.0334448161E+01   4.5966596045E-09   3.6023777108E-01  -1.6022773347E-04  -3.4619322315E-05   9.9999998656E-01   1.6392505683E-04   3.3543848491E+00   0.0000000000E+00   5.3491872264E-02   1.0905805431E-02
  3.0969899666E+01   4.7188783436E-09   3.5068049991E-01   3.6005211835E-04  -4.4148344562E-05   9.9999993421E-01   3.6274868825E-04   6.1611777895E+00   0.0000000000E+00   5.3818497836E-02   1.0896208256E-02
  3.1605351171E+01   4.8522297725E-09   3.4050236025E-01  -1.1278820641E-04   4.6412353726E-05   9.9999999256E-01   1.2196428311E-04   2.7512119109E+00   0.0000000000E+00   5.4459031814E-02   1.0837394264E-02
  3.2240802676E+01   4.9284705047E-09   3.3301829279E-01  -9.8875156893E-06   1.7673978522E-04   9.9999998433E-01   1.7701614432E-04   1.6266819891E+00   0.0000000000E+00   5.4584001724E-02   1.0836891137E-02
  3.2876254181E+01   5.0960398663E-09   3.2493400075E-01  -3.1023544964E-06  -2.3804863971E-04   9.9999997166E-01   2.3806885835E-04   4.6993572787E+00   0.0000000000E+00   5.4964257681E-02   1.0996130796E-02
  3.3511705686E+01   5.1546764645E-09   3.1836055187E-01   3.2523775195E-04  -8.2816543138E-05   9.9999994368E-01   3.3561611976E-04   6.0338501447E+00   0.0000000000E+00   5.5135770873E-02   1.0931816166E-02
  3.4147157191E+01   5.2083801840E-09   3.1025967830E-01  -2.2661141682E-04   4.8169119069E-05   9.9999997316E-01   2.3167433958E-04   2.9321473360E+00   0.0000000000E+00   5.5996247494E-02   1.1100696357E-02
  3.4782608696E+01   5.2671423484E-09   3.0497797241E-01  -2.6865047833E-04   6.1590167337E-05   9.9999996202E-01   2.7562008366E-04   2.9162294679E+00   0.0000000000E+00   5.6093765184E-02   1.0886759328E-02
  3.5418060201E+01   5.3391765176E-09   2.9859912935E-01   2.3229084782E-04   2.0181844912E-04   9.9999995266E-01   3.0771696036E-04   7.1531789381E-01   0.0000000000E+00   5.6544049243E-02   1.0894168678E-02
  3.6053511706E+01   5.4368063356E-09   2.9286599099E-01  -3.4099527359E-05  -3.4328610919E-05   9.9999999883E-01   4.8386273171E-05   3.9303386021E+00   0.0000000000E+00   5.6824669858E-02   1.0772511953E-02
  3.6688963211E+01   5.4578393457E-09   2.8748459045E-01  -2.1509799230E-04  -3.2132786374E-04   9.9999992524E-01   3.8667654401E-04   4.1224940480E+00   0.0000000000E+00   5.7089667263E-02   1.0696291878E-02
  3.7324414716E+01   5.5496213299E-09   2.8150196297E-01   3.0576426130E-04   2.6905319545E-04   9.9999991706E-01   4.0728542218E-04   7.2161917642E-01   0.0000000000E+00   5.7702852123E-02   1.0646202168E-02
  3.7959866221E+01   5.5715255741E-09   2.7762057444E-01  -3.9360245472E-04  -3.7732626350E-04   9.9999985135E-01   5.4525042993E-04   3.9058815066E+00   0.0000000000E+00   5.7607308691E-02   1.0812924196E-02
  3.8595317726E+01   5.6321315084E-09   2.7269926358E-01   1.1561853214E-04  -1.1891852164E-04   9.9999998625E-01   1.6585915725E-04   5.4837178456E+00   0.0000000000E+00   5.7956230043E-02   1.0807605525E-02
  3.9230769231E+01   5.6840706010E-09   2.6732699104E-01   3.5077395774E-04   5.2938807901E-05   9.9999993708E-01   3.5474623676E-04   1.4978958758E-01   0.0000000000E+00   5.8551896175E-02   1.0912024132E-02
  3.9866220736E+01   5.7550861746E-09   2.6226520993E-01   9.9756860761E-06  -7.7007191351E-05   9.9999999699E-01   7.7650641581E-05   4.8412138314E+00   0.0000000000E+00   5.9101031917E-02   1.0949549563E-02
  4.0501672241E+01   5.7561592841E-09   2.5975757101E-01  -1.8504844719E-04   1.4031227297E-04   9.9999997303E-01   2.3222933278E-04   2.4928348630E+00   0.0000000000E+00   5.8749237434E-02   1.0805637142E-02
  4.1137123746E+01   5.8690737499E-09   2.5382882944E-01   1.9611938665E-04  -7.8146312566E-05   9.9999997772E-01   2.1111527897E-04   5.9040046610E+00   0.0000000000E+00   5.9681207748E-02   1.1009231833E-02
  4.1772575251E+01   5.8733267398E-09   2.5024127058E-01  -8.9130141895E-05  -6.9460945652E-05   9.9999999362E-01   1.1300002301E-04   3.8035963310E+00   0.0000000000E+00   5.9728306060E-02   1.1062290669E-02
  4.2408026756E+01   5.9704709627E-09   2.4595692687E-01  -1.7348825146E-04   4.0398325119E-05   9.9999998413E-01   1.7812972457E-04   2.9128104762E+00   0.0000000000E+00   6.0098967495E-02   1.1208755147E-02
  4.3043478261E+01   6.0285251283E-09   2.4202471178E-01   1.7297938427E-04   1.8769185827E-04   9.9999996742E-01   2.5524518126E-04   8.2616748453E-01   0.0000000000E+00   6.0354741134E-02   1.1358122335E-02
  4.3678929766E+01   6.0934912815E-09   2.3753476041E-01  -8.4898328431E-05  -7.8808617448E-05   9.9999999329E-01   1.1583835613E-04   3.8898091056E+00   0.0000000000E+00   6.0825136421E-02   1.1448894608E-02
  4.4314381271E+01   6.1544747990E-09   2.3435450516E-01  -6.6236469927E-05  -5.6813371661E-05   9.9999999619E-01   8.7264135122E-05   3.8505604670E+00   0.0000000000E+00   6.0889889733E-02   1.1582784437E-02
  4.4949832776E+01   6.2254352405E-09   2.2979498811E-01  -8.0045500633E-06  -2.3882944983E-04   9.9999997145E-01   2.3896355492E-04   4.6788857634E+00   0.0000000000E+00   6.1569352290E-02   1.1619069577E-02
  4.5585284281E+01   6.2721653779E-09   2.2642237315E-01  -7.0124337509E-05   3.9566049434E-05   9.9999999676E-01   8.0516430356E-05   2.6278922039E+00   0.0000000000E+00   6.1849471328E-02   1.1531224700E-02
  4.6220735786E+01   6.3330541053E-09   2.2318449527E-01   2.3212080966E-04   1.6021036570E-04   9.9999996023E-01   2.8204154708E-04   6.0412015858E-01   0.0000000000E+00   6.2038832336E-02   1.1533055357E-02
  4.6856187291E+01   6.3654312670E-09   2.1997786710E-01   1.3511762033E-05   5.0560627127E-05   9.9999999863E-01   5.2334927413E-05   1.3096598486E+00   0.0000000000E+00   6.2273352384E-02   1.1289078029E-02
  4.7491638796E+01   6.4713020480E-09   2.1650600335E-01   1.5028078889E-04  -2.0891424060E-04   9.9999996689E-01   2.5735088334E-04   5.3359785511E+00   0.0000000000E+00   6.2708642575E-02   1.1175410165E-02
  4.8127090301E+01   6.4592357052E-09   2.1326404992E-01  -2.4723938833E-04   1.5788788887E-04   9.9999995697E-01   2.9335286473E-04   2.5732709406E+00   0.0000000000E+00   6.3049772688E-02   1.1295443281E-02
  4.8762541806E+01   6.5110457077E-09   2.1086180668E-01   2.7109002762E-04  -3.4247846909E-04   9.9999990461E-01   4.3678520732E-04   5.3819583497E+00   0.0000000000E+00   6.3154232155E-02   1.1360072114E-02
  4.9397993311E+01   6.5706491813E-09   2.0752810448E-01  -1.4990894540E-04   8.7460905888E-05   9.9999998494E-01   1.7355720222E-04   2.6134484235E+00   0.0000000000E+00   6.3753186187E-02   1.1592982126E-02
  5.0033444816E+01   6.5701702877E-09   2.0532400002E-01   1.1747297322E-04  -1.9111026718E-05   9.9999999292E-01   1.1901735717E-04   6.1219136976E+00   0.0000000000E+00   6.3756170792E-02   1.1613081328E-02
  5.0668896321E+01   6.6119666072E-09   2.0231996455E-01   1.1743865231E-04  -1.2698599496E-04   9.9999998504E-01   1.7296612531E-04   5.4587465165E+00   0.0000000000E+00   6.4265413859E-02   1.1669667826E-02
  5.1304347826E+01   6.6402788629E-09   2.0010824173E-01  -8.6827014147E-05   2.4502377454E-04   9.9999996621E-01   2.5995303841E-04   1.9113514525E+00   0.0000000000E+00   6.4333877676E-02   1.1670756258E-02
  5.1939799331E+01   6.6993626447E-09   1.9716735370E-01   3.0945846210E-04  -8.0102613704E-05   9.9999994891E-01   3.1965758538E-04   6.0298968803E+00   0.0000000000E+00   6.4923415343E-02   1.1709174847E-02
  5.2575250836E+01   6.7116427004E-09   1.9484532295E-01   1.0772587106E-04   7.1495175525E-05   9.9999999164E-01   1.2929200990E-04   5.8592992969E-01   0.0000000000E+00   6.5240039591E-02   1.1691794169E-02
  5.3210702341E+01   6.6773837624E-09   1.9312808026E-01  -8.9975533663E-05  -4.9441374436E-05   9.9999999473E-01   1.0266473029E-04   3.6440503586E+00   0.0000000000E+00   6.5234106060E-02   1.1756144369E-02
  5.3846153846E+01   6.6924241921E-09   1.9111731278E-01  -5.6351594167E-05   1.5785129223E-04   9.9999998595E-01   1.6760827323E-04   1.9136861636E+00   0.0000000000E+00   6.5538716761E-02   1.1833208031E-02
  5.4481605351E+01   6.6657395019E-09   1.8865295766E-01   2.1606910165E-04  -6.7737051842E-05   9.9999997436E-01   2.2643799597E-04   5.9793922433E+00   0.0000000000E+00   6.6163849513E-02   1.1835026490E-02
  5.5117056856E+01   6.7057873505E-09   1.8767725273E-01  -2.6904209920E-04  -2.6066447389E-04   9.9999992984E-01   3.7460596099E-04   3.9111765392E+00   0.0000000000E+00   6.5836034526E-02   1.1966473787E-02
  5.5752508361E+01   6.6846125306E-09   1.8532629037E-01   8.3272875966E-05   4.0372945426E-07   9.9999999653E-01   8.3273855142E-05   4.8482328286E-03   0.0000000000E+00   6.6395342823E-02   1.2106608859E-02
  5.6387959866E+01   6.6699112846E-09   1.8362288608E-01   7.8548433774E-05   1.7709787336E-05   9.9999999676E-01   8.0520142209E-05   2.2175535295E-01   0.0000000000E+00   6.6664744675E-02   1.2293286433E-02
  5.7023411371E+01   6.6403845168E-09   1.8124618859E-01  -3.3123671013E-05  -1.2212946279E-04   9.9999999199E-01   1.2654162867E-04   4.4475425403E+00   0.0000000000E+00   6.7399998850E-02   1.2322787082E-02
  5.7658862876E+01   6.6317073258E-09   1.8028869198E-01  -1.1302868511E-04  -1.5331025669E-04   9.9999998186E-01   1.9047183329E-04   4.0770949827E+00   0.0000000000E+00   6.7187026676E-02   1.2402242234E-02
  5.8294314381E+01   6.6261194261E-09   1.7888385873E-01   2.9544640408E-04   6.3935417809E-05   9.9999995431E-01   3.0228516060E-04   2.1311655689E-01   0.0000000000E+00   6.7344137678E-02   1.2591028758E-02
  5.8929765886E+01   6.5702879052E-09   1.7706705726E-01  -3.6766170977E-04  -1.7892947032E-05   9.9999993225E-01   3.6809685842E-04   3.1902211627E+00   0.0000000000E+00   6.7820787129E-02   1.2682783036E-02
  5.9565217391E+01   6.5329924097E-09   1.7580736613E-01   1.6782621447E-04  -2.2043699055E-04   9.9999996162E-01   2.7705253478E-04   5.3631045859E+00   0.0000000000E+00   6.8048376554E-02   1.2721439650E-02
  6.0200668896E+01   6.5033489444E-09   1.7416439885E-01   2.6335127680E-05   7.4240467816E-05   9.9999999690E-01   7.8773003916E-05   1.2299162440E+00   0.0000000000E+00   6.8508014696E-02   1.2797028324E-02
  6.0836120401E+01   6.4752510639E-09   1.7315981168E-01  -1.1272937804E-04  -1.0859474248E-04   9.9999998775E-01   1.5652709295E-04   3.9083116298E+00   0.0000000000E+00   6.8523718873E-02   1.2967118170E-02
  6.1471571906E+01   6.4135091579E-09   1.7185675782E-01   2.2733159430E-04   2.0888080766E-04   9.9999995234E-01   3.0872455140E-04   7.4312564903E-01   0.0000000000E+00   6.8860543943E-02   1.3233781520E-02
  6.2107023411E+01   6.3841833689E-09   1.7099594457E-01  -1.0819512600E-04   5.5907116072E-05   9.9999999258E-01   1.2178584132E-04   2.6646548204E+00   0.0000000000E+00   6.8984980749E-02   1.3353565541E-02
  6.2742474916E+01   6.3180278452E-09   1.6965712898E-01   8.9023357282E-05  -4.3180837174E-04   9.9999990281E-01   4.4088960183E-04   4.9157044126E+00   0.0000000000E+00   6.9455818474E-02   1.3660330715E-02
  6.3377926421E+01   6.2769099816E-09   1.6855547287E-01   2.3503612317E-04   4.1557531311E-04   9.9999988603E-01   4.7743568922E-04   1.0560792898E+00   0.0000000000E+00   6.9753997773E-02   1.3868431867E-02
  6.4013377926E+01   6.1626600607E-09   1.6779377023E-01  -9.7824760345E-05  -2.3866576669E-04   9.9999996673E-01   2.5793610351E-04   4.3233929209E+00   0.0000000000E+00   6.9878165892E-02   1.4136489856E-02
  6.4648829431E+01   6.1259116004E-09   1.6667850082E-01   3.7549170366E-04   7.3196896569E-05   9.9999992682E-01   3.8255955442E-04   1.9252173874E-01   0.0000000000E+00   7.0333811875E-02   1.4460118769E-02
  6.5284280936E+01   6.0418270436E-09   1.6658463247E-01  -3.3727708635E-05  -1.7286779812E-04   9.9999998449E-01   1.7612732510E-04   4.5197026740E+00   0.0000000000E+00   6.9961772893E-02   1.4811636572E-02
  6.5919732441E+01   5.9827303004E-09   1.6516746864E-01   2.8860515276E-05   3.0826868968E-04   9.9999995207E-01   3.0961672655E-04   1.4774471265E+00   0.0000000000E+00   7.0723324044E-02   1.5111980015E-02
  6.6555183946E+01   5.8968203722E-09   1.6459414307E-01  -1.8839754204E-04  -6.5223994116E-05   9.9999998013E-01   1.9936851379E-04   3.4748817957E+00   0.0000000000E+00   7.0937136431E-02   1.5499428394E-02
  6.7190635452E+01   5.8181268159E-09   1.6372927829E-01  -1.3174173479E-04   1.0646642346E-04   9.9999998565E-01   1.6938413244E-04   2.4619049465E+00   0.0000000000E+00   7.1364178685E-02   1.5805646069E-02
  6.7826086957E+01   5.7220751569E-09   1.6319267500E-01   1.7326821783E-04  -2.7627122102E-04   9.9999994683E-01   3.2610989977E-04   5.2725451353E+00   0.0000000000E+00   7.1451241724E-02   1.6273373588E-02
  6.8461538462E+01   5.6516776302E-09   1.6313647851E-01  -3.8326709624E-05   3.2503789625E-04   9.9999994644E-01   3.2728974128E-04   1.6881689401E+00   0.0000000000E+00   7.1362482314E-02   1.6735645408E-02
  6.9096989967E+01   5.5687102417E-09   1.6155752953E-01   5.9085728836E-05  -2.8557437246E-04   9.9999995748E-01   2.9162278434E-04   4.9164115803E+00   0.0000000000E+00   7.2403819245E-02   1.7167752013E-02
  6.9732441472E+01   5.4654352508E-09   1.6151743278E-01   1.2304207268E-04  -9.7467169291E-05   9.9999998768E-01   1.5696879045E-04   5.6132523521E+00   0.0000000000E+00   7.2252593278E-02   1.7581692581E-02
  7.0367892977E+01   5.3787075569E-09   1.6151600775E-01   8.5199675224E-05   1.2971599271E-04   9.9999998796E-01   1.5519415037E-04   9.8964372430E-01   0.0000000000E+00   7.2096514988E-02   1.8082758145E-02
  7.1003344482E+01   5.3133740364E-09   1.6067176754E-01  -1.4025944858E-04  -1.6181235193E-04   9.9999997707E-01   2.1414002608E-04   3.9982203735E+00   0.0000000000E+00   7.2770430679E-02   1.8638284663E-02
  7.1638795987E+01   5.2119656160E-09   1.6061986792E-01   7.9449691180E-05  -7.8764241553E-05   9.9999999374E-01   1.1187519625E-04   5.5021195393E+00   0.0000000000E+00   7.2784867926E-02   1.9074580056E-02
  7.2274247492E+01   5.0985654176E-09   1.6027711935E-01   1.0485502190E-04  -1.4849540148E-04   9.9999998348E-01   1.8178410398E-04   5.3272080529E+00   0.0000000000E+00   7.3098353816E-02   1.9490580179E-02
  7.2909698997E+01   5.0049190957E-09   1.5954014595E-01  -1.1252739684E-04   6.6773516425E-05   9.9999999144E-01   1.3084769133E-04   2.6060418110E+00   0.0000000000E+00   7.3772047173E-02   2.0109728216E-02
  7.3545150502E+01   4.8687043901E-09   1.5984301915E-01   4.9384418330E-05  -7.6286926960E-05   9.9999999587E-01   9.0876380556E-05   5.2868997308E+00   0.0000000000E+00   7.3606355472E-02   2.0629841999E-02
  7.4180602007E+01   4.7930654148E-09   1.5994037005E-01  -8.2788407598E-05  -5.7524031499E-05   9.9999999492E-01   1.0081138192E-04   3.7488417069E+00   0.0000000000E+00   7.3639703704E-02   2.1139722911E-02
  7.4816053512E+01   4.7144430395E-09   1.5943725660E-01   2.4600026911E-05   2.9484820013E-05   9.9999999926E-01   3.8399427925E-05   8.7547100136E-01   0.0000000000E+00   7.4118579394E-02   2.1602799815E-02
  7.5451505017E+01   4.5920830616E-09   1.5959257972E-01  -1.0518423461E-04  -1.3693985565E-04   9.9999998509E-01   1.7267381900E-04   4.0574007918E+00   0.0000000000E+00   7.4261749469E-02   2.2115196552E-02
  7.6086956522E+01   4.5075647345E-09   1.5934281690E-01  -3.1883263267E-05  -3.3421496000E-04   9.9999994364E-01   3.3573231384E-04   4.6172793294E+00   0.0000000000E+00   7.4550585378E-02   2.2440563466E-02
  7.6722408027E+01   4.4016766238E-09   1.5956053599E-01  -7.5988227220E-05   2.3793251203E-04   9.9999996881E-01   2.4977208089E-04   1.8799266218E+00   0.0000000000E+00   7.4625568378E-02   2.2680861765E-02
  7.7357859532E+01   4.3004420439E-09   1.5936624463E-01   1.4136931722E-04   5.6851756606E-05   9.9999998839E-01   1.5237259027E-04   3.8235897191E-01   0.0000000000E+00   7.4901965126E-02   2.2873073341E-02
  7.7993311037E+01   4.2278319718E-09   1.5904553933E-01  -4.1275955988E-05  -1.5455958809E-04   9.9999998720E-01   1.5997615950E-04   4.4514237989E+00   0.0000000000E+00   7.5423080276E-02   2.3105521172E-02
  7.8628762542E+01   4.1339388487E-09   1.5942704507E-01  -9.5679504299E-05   1.6735359727E-04   9.9999998142E-01   1.9277394759E-04   2.0901625816E+00   0.0000000000E+00   7.5260463102E-02   2.3088554719E-02
  7.9264214047E+01   4.0358635323E-09   1.5922657154E-01   8.2507322627E-05  -2.8647671807E-05   9.9999999619E-01   8.7339266381E-05   5.9489948786E+00   0.0000000000E+00   7.5571727036E-02   2.2860774065E-02
  7.9899665552E+01   3.9508681620E-09   1.5918988874E-01   1.4150413238E-04  -1.7510255099E-04   9.9999997466E-01   2.2513179216E-04   5.3920624622E+00   0.0000000000E+00   7.5791613070E-02   2.2470784097E-02
  8.0535117057E+01   3.8800425955E-09   1.5885437770E-01  -3.3435534476E-04   8.4880355943E-05   9.9999994050E-01   3.4496112316E-04   2.8929818102E+00   0.0000000000E+00   7.6166487996E-02   2.1969930021E-02
  8.1170568562E+01   3.8056975636E-09   1.5880570999E-01  -2.7158697814E-04   1.1289186049E-04   9.9999995675E-01   2.9411572833E-04   2.7476469796E+00   0.0000000000E+00   7.6350352267E-02   2.1340254721E-02
  8.1806020067E+01   3.7726913947E-09   1.5878258053E-01   6.4890911609E-04  -1.6625926318E-04   9.9999977564E-01   6.6986957783E-04   6.0323672660E+00   0.0000000000E+00   7.6330698910E-02   2.0804528460E-02
  8.2441471572E+01   3.6811803203E-09   1.5832397553E-01   2.2928141707E-04   6.7379771422E-06   9.9999997369E-01   2.2938040424E-04   2.9378911535E-02   0.0000000000E+00   7.6694658514E-02   2.0182969995E-02
  8.3076923077E+01   3.6421698937E-09   1.5774581045E-01  -4.2608121694E-04  -4.1913563551E-05   9.9999990835E-01   4.2813778360E-04   3.2396470793E+00   0.0000000000E+00   7.7060367931E-02   1.9459258709E-02
  8.3712374582E+01   3.6046492869E-09   1.5800300622E-01   1.3675044943E-04  -6.8644798009E-06   9.9999999063E-01   1.3692263104E-04   6.2330302771E+00   0.0000000000E+00   7.6659626026E-02   1.8931070440E-02
  8.4347826087E+01   3.5699210434E-09   1.5675048078E-01   3.2734497833E-04  -6.4062918220E-05   9.9999994437E-01   3.3355478792E-04   6.0899233301E+00   0.0000000000E+00   7.7523960729E-02   1.8318489121E-02
  8.4983277592E+01   3.5182502075E-09   1.5665376268E-01  -4.2999260356E-05   2.6197817752E-04   9.9999996476E-01   2.6548352730E-04   1.7334787924E+00   0.0000000000E+00   7.7282762810E-02   1.7863100010E-02
  8.5618729097E+01   3.5149554571E-09   1.5567518560E-01   1.0190499697E-04  -3.1685367439E-04   9.9999994461E-01   3.3283762331E-04   5.0235565161E+00   0.0000000000E+00   7.7760917443E-02   1.7452354575E-02
  8.6254180602E+01   3.4568285872E-09   1.5540118164E-01  -3.9091739977E-05  -1.2785777302E-05   9.9999999915E-01   4.1129556083E-05   3.4576966246E+00   0.0000000000E+00   7.7695961617E-02   1.7141581600E-02
  8.6889632107E+01   3.4587873536E-09   1.5435860329E-01   1.6714863076E-04  -2.8124441006E-05   9.9999998564E-01   1.6949822895E-04   6.1164866891E+00   0.0000000000E+00   7.8210899151E-02   1.6989477593E-02
  8.7525083612E+01   3.4433336076E-09   1.5357629969E-01   5.8740477196E-05   8.3804799304E-05   9.9999999476E-01   1.0234103952E-04   9.5945304141E-01   0.0000000000E+00   7.8478958915E-02   1.6772527491E-02
  8.8160535117E+01   3.4087131597E-09   1.5373548176E-01  -5.4062582350E-05  -2.6906823561E-04   9.9999996234E-01   2.7444576978E-04   4.5141039876E+00   0.0000000000E+00   7.7909972134E-02   1.6466315981E-02
  8.8795986622E+01   3.4031469854E-09   1.5248029945E-01   2.1184206240E-04   7.5652486800E-05   9.9999997470E-01   2.2494523557E-04   3.4300136398E-01   0.0000000000E+00   7.8669105103E-02   1.6368521169E-02
  8.9431438127E+01   3.3789660607E-09   1.5176356408E-01  -3.4376631888E-06   4.1460760846E-04   9.9999991404E-01   4.1462187177E-04   1.5790875022E+00   0.0000000000E+00   7.8798162293E-02   1.6304229803E-02
  9.0066889632E+01   3.3705598842E-09   1.5127505134E-01   1.9833074443E-04  -5.1077390893E-04   9.9999984989E-01   5.4792800669E-04   5.0827639363E+00   0.0000000000E+00   7.8882790173E-02   1.6154910608E-02
  9.0702341137E+01   3.3403188738E-09   1.4988784101E-01  -2.2587361402E-04   5.1829584897E-04   9.9999984018E-01   5.6537554878E-04   1.9817794517E+00   0.0000000000E+00   7.9666568086E-02   1.5989973654E-02
  9.1337792642E+01   3.3366173846E-09   1.5010447177E-01   4.0718578092E-04  -2.2396422287E-04   9.9999989202E-01   4.6471523421E-04   5.7803193886E+00   0.0000000000E+00   7.8801293844E-02   1.5835526995E-02
  9.1973244147E+01   3.3119304842E-09   1.4907164059E-01  -1.6267839811E-04   1.6733458151E-05   9.9999998663E-01   1.6353675554E-04   3.0390909488E+00   0.0000000000E+00   7.9504995123E-02   1.5554790881E-02
  9.2608695652E+01   3.3155738796E-09   1.4756032262E-01   1.2677339701E-04  -3.4454907447E-06   9.9999999196E-01   1.2682021042E-04   6.2560136541E+00   0.0000000000E+00   8.0371192555E-02   1.5097067279E-02
  9.3244147157E+01   3.2827043156E-09   1.4792971682E-01  -1.8072214508E-04   2.7135476436E-05   9.9999998330E-01   1.8274799301E-04   2.9925557591E+00   0.0000000000E+00   7.9427787868E-02   1.4982919663E-02
  9.3879598662E+01   3.3067054145E-09   1.4619522728E-01  -9.1700273894E-05   3.8208632907E-05   9.9999999507E-01   9.9342034172E-05   2.7467998107E+00   0.0000000000E+00   8.0483240394E-02   1.5277327698E-02
  9.4515050167E+01   3.2669838631E-09   1.4608607920E-01   1.7139222847E-04   3.2940511936E-04   9.9999993106E-01   3.7132604978E-04   1.0910343602E+00   0.0000000000E+00   8.0205011765E-02   1.5302826290E-02
  9.5150501672E+01   3.2718171939E-09   1.4479651584E-01  -3.0181173379E-04  -4.0341653039E-05   9.9999995364E-01   3.0449593567E-04   3.2744700049E+00   0.0000000000E+00   8.0757988094E-02   1.5576631962E-02
  9.5785953177E+01   3.2865879458E-09   1.4465681915E-01   2.0045926577E-04   8.4845041561E-05   9.9999997631E-01   2.1767544502E-04   4.0039022934E-01   0.0000000000E+00   8.0184418584E-02   1.5492407629E-02
  9.6421404682E+01   3.2812927352E-09   1.4297468141E-01  -1.2179621141E-04  -2.7856886480E-04   9.9999995378E-01   3.0403113762E-04   4.3002125778E+00   0.0000000000E+00   8.1379599929E-02   1.5377572731E-02
  9.7056856187E+01   3.2588417219E-09   1.4242369814E-01  -1.7006486574E-04   1.5709467183E-05   9.9999998542E-01   1.7078889525E-04   3.0494806682E+00   0.0000000000E+00   8.1097139755E-02   1.5063300305E-02
  9.7692307692E+01   3.2918677112E-09   1.4110209484E-01   3.2723972781E-04  -6.0421856153E-05   9.9999994463E-01   3.3277115926E-04   6.1006007257E+00   0.0000000000E+00   8.1921551661E-02   1.4816858430E-02
  9.8327759197E+01   3.2684923033E-09   1.4012680279E-01  -2.1558468749E-04  -5.9106488062E-05   9.9999997501E-01   2.2354045587E-04   3.4091854787E+00   0.0000000000E+00   8.2027540949E-02   1.4326590373E-02
  9.8963210702E+01   3.3158375883E-09   1.3934118465E-01  -2.1494583416E-04  -1.9558064352E-04   9.9999995777E-01   2.9060884805E-04   3.8798541589E+00   0.0000000000E+00   8.1936538006E-02   1.3796599726E-02
  9.9598662207E+01   3.3024148111E-09   1.3849123748E-01  -5.1470977627E-05  -1.2949459610E-04   9.9999999029E-01   1.3934888603E-04   4.3340604670E+00   0.0000000000E+00   8.1948395171E-02   1.3456197701E-02
  1.0023411371E+02   3.3496943551E-09   1.3719552243E-01   3.3271810517E-04   3.4976997075E-04   9.9999988348E-01   4.8274256927E-04   8.1037782142E-01   0.0000000000E+00   8.2309712609E-02   1.2914016961E-02
  1.0086956522E+02   3.3567121993E-09   1.3625812378E-01  -7.4078420665E-05   2.7610705306E-04   9.9999995914E-01   2.8587185869E-04   1.8329192717E+00   0.0000000000E+00   8.2412147801E-02   1.2799183175E-02
  1.0150501672E+02   3.3954724165E-09   1.3507203566E-01   1.0291129226E-04  -2.3380128436E-04   9.9999996737E-01   2.5544818710E-04   5.1270346210E+00   0.0000000000E+00   8.2579441263E-02   1.2793497297E-02
  1.0214046823E+02   3.4037733124E-09   1.3327767836E-01  -3.6453926553E-04  -8.3229235642E-05   9.9999993009E-01   3.7391976230E-04   3.3660586862E+00   0.0000000000E+00   8.3641978401E-02   1.2889561073E-02
  1.0277591973E+02   3.4649751907E-09   1.3269320825E-01   3.4127961827E-04   1.7287998986E-05   9.9999994161E-01   3.4171721813E-04   5.0613143513E-02   0.0000000000E+00   8.2925603046E-02   1.3065315709E-02
  1.0341137124E+02   3.4999941876E-09   1.3098717163E-01   1.1686610662E-05   4.7895802754E-05   9.9999999878E-01   4.9300966411E-05   1.3314719603E+00   0.0000000000E+00   8.3680506785E-02   1.3585619797E-02
  1.0404682274E+02   3.5437929077E-09   1.3024055708E-01   1.6188975928E-04  -1.6767648105E-04   9.9999997284E-01   2.3307444640E-04   5.4802303480E+00   0.0000000000E+00   8.3188192200E-02   1.4065211902E-02
  1.0468227425E+02   3.5953142510E-09   1.2802065903E-01   1.0526132988E-04   1.6582898236E-04   9.9999998071E-01   1.9641588520E-04   1.0052105321E+00   0.0000000000E+00   8.4493590400E-02   1.4502974686E-02
  1.0531772575E+02   3.6629797115E-09   1.2737479759E-01  -1.1718071104E-04   1.2880470522E-05   9.9999999305E-01   1.1788649460E-04   3.0321124513E+00   0.0000000000E+00   8.3745783733E-02   1.4956441551E-02
  1.0595317726E+02   3.6949073372E-09   1.2584052325E-01   5.5324799679E-05  -2.2727708016E-04   9.9999997264E-01   2.3391388538E-04   4.9511693860E+00   0.0000000000E+00   8.4220329517E-02   1.5096611872E-02
  1.0658862876E+02   3.7888408832E-09   1.2421361016E-01  -5.1760152291E-04   3.9989447489E-04   9.9999978609E-01   6.5408484821E-04   2.4837891408E+00   0.0000000000E+00   8.4727922729E-02   1.5488695409E-02
  1.0722408027E+02   3.8432946810E-09   1.2321898428E-01   5.3179033092E-04  -3.6258760639E-04   9.9999979286E-01   6.4363870748E-04   5.6847621906E+00   0.0000000000E+00   8.4481567186E-02   1.5381523106E-02
  1.0785953177E+02   3.8791687015E-09   1.2183300127E-01  -2.1590234571E-04   2.2046396189E-04   9.9999995239E-01   3.0857443958E-04   2.3457412312E+00   0.0000000000E+00   8.4677229476E-02   1.5502949913E-02
  1.0849498328E+02   3.9875130787E-09   1.2027145155E-01   3.7681116951E-04  -6.1375744836E-06   9.9999992899E-01   3.7686116008E-04   6.2668985506E+00   0.0000000000E+00   8.5181092294E-02   1.5516576421E-02
  1.0913043478E+02   4.0419243481E-09   1.1932972418E-01  -2.6856458025E-05   2.5754797298E-04   9.9999996647E-01   2.5894445292E-04   1.6746983068E+00   0.0000000000E+00   8.4942986608E-02   1.5220088847E-02
  1.0976588629E+02   4.1064869524E-09   1.1795622537E-01   8.0088131322E-06  -3.1450000530E-04   9.9999995051E-01   3.1460196747E-04   4.7378487022E+00   0.0000000000E+00   8.5215355359E-02   1.4966418742E-02
  1.1040133779E+02   4.1541423557E-09   1.1656832682E-01   7.5494300608E-05   8.4117510104E-06   9.9999999711E-01   7.5961485318E-05   1.1096463597E-01   0.0000000000E+00   8.5682596007E-02   1.4677992266E-02
  1.1103678930E+02   4.2289967437E-09   1.1553409126E-01  -6.3081410258E-05  -1.6517932701E-04   9.9999998437E-01   1.7681480425E-04   4.3475857967E+00   0.0000000000E+00   8.5711340526E-02   1.4393460275E-02
  1.1167224080E+02   4.2809636315E-09   1.1429368818E-01   2.0153514833E-05   2.4704882966E-04   9.9999996928E-01   2.4786950100E-04   1.4893995173E+00   0.0000000000E+00   8.6039697138E-02   1.3955213127E-02
  1.1230769231E+02   4.3793422257E-09   1.1304671287E-01  -1.2486696088E-04  -8.8408235860E-05   9.9999998830E-01   1.5299599409E-04   3.7576805405E+00   0.0000000000E+00   8.6464962799E-02   1.3576754394E-02
  1.1294314381E+02   4.3996085972E-09   1.1222720701E-01   5.4947669943E-06  -4.5020292544E-05   9.9999999897E-01   4.5354373791E-05   4.8338391945E+00   0.0000000000E+00   8.6249155015E-02   1.3168800598E-02
  1.1357859532E+02   4.4585142407E-09   1.1094799085E-01  -7.8929323743E-05   8.0184869470E-05   9.9999999367E-01   1.1251422996E-04   2.3483038071E+00   0.0000000000E+00   8.6685151320E-02   1.2772653622E-02
  1.1421404682E+02   4.5314020050E-09   1.1017095383E-01   2.2185071477E-04   3.4984299363E-05   9.9999997478E-01   2.2459216858E-04   1.5640501738E-01   0.0000000000E+00   8.6531299711E-02   1.2383784995E-02
  1.1484949833E+02   4.5681548345E-09   1.0902859631E-01   1.8846078749E-04  -3.2158983097E-04   9.9999993053E-01   3.7274320235E-04   5.2424719282E+00   0.0000000000E+00   8.7024877347E-02   1.1957531195E-02
  1.1548494983E+02   4.6238594221E-09   1.0829291492E-01  -4.3207829492E-04   4.1205056777E-04   9.9999982176E-01   5.9705725503E-04   2.3799159518E+00   0.0000000000E+00   8.6694219214E-02   1.1621186937E-02
  1.1612040134E+02   4.6537186574E-09   1.0703224781E-01  -7.0162994828E-05  -4.0126619530E-04   9.9999991703E-01   4.0735416354E-04   4.5392849899E+00   0.0000000000E+00   8.7622460926E-02   1.1317499226E-02
  1.1675585284E+02   4.7365063904E-09   1.0635476713E-01   6.0309440745E-04   1.2434129793E-04   9.9999981041E-01   6.1577891380E-04   2.0332325752E-01   0.0000000000E+00   8.7357096333E-02   1.1002463587E-02
  1.1739130435E+02   4.7955155767E-09   1.0541646486E-01   8.7426871291E-05  -2.2487497900E-04   9.9999997089E-01   2.4127207832E-04   5.0831855923E+00   0.0000000000E+00   8.7663313480E-02   1.0741307214E-02
  1.1802675585E+02   4.8134641518E-09   1.0455305045E-01  -3.5629306901E-04   9.2590489383E-05   9.9999993224E-01   3.6812736397E-04   2.8873447648E+00   0.0000000000E+00   8.7831003688E-02   1.0588714698E-02
  1.1866220736E+02   4.8681048724E-09   1.0369398384E-01   9.3014503691E-05  -7.9201140662E-05   9.9999999254E-01   1.2216594759E-04   5.5778254801E+00   0.0000000000E+00   8.8147972587E-02   1.0436076269E-02
  1.1929765886E+02   4.8804369000E-09   1.0301383897E-01   8.4755628591E-05   1.3601807604E-04   9.9999998716E-01   1.6026363964E-04   1.0135498254E+00   0.0000000000E+00   8.8254379782E-02   1.0257265070E-02
  1.1993311037E+02   4.9389991201E-09   1.0227512070E-01  -8.3614757701E-05  -1.8468044836E-04   9.9999997945E-01   2.0272714782E-04   4.2872474302E+00   0.0000000000E+00   8.8250031001E-02   1.0135065105E-02
  1.2056856187E+02   4.9497369181E-09   1.0168992315E-01   3.5258885545E-04   3.3508809638E-04   9.9999988170E-01   4.8641849507E-04   7.5995455600E-01   0.0000000000E+00   8.8263967846E-02   1.0089411318E-02
  1.2120401338E+02   5.0367683761E-09   1.0088005527E-01  -2.6023110169E-04  -2.8284251097E-04   9.9999992614E-01   3.8434375204E-04   3.9686027758E+00   0.0000000000E+00   8.8684675916E-02   1.0145517150E-02
  1.2183946488E+02   5.0043322446E-09   1.0008730985E-01   2.3278240576E-05  -3.1865297314E-04   9.9999994896E-01   3.1950210891E-04   4.7853114565E+00   0.0000000000E+00   8.9123232468E-02   1.0144547473E-02
  1.2247491639E+02   5.0463123545E-09   9.9529921590E-02   1.8586626270E-04   4.0299790172E-05   9.9999998191E-01   1.9018501795E-04   2.1351646795E-01   0.0000000000E+00   8.9080549632E-02   1.0188095626E-02
  1.2311036789E+02   5.0472721818E-09   9.8995608713E-02  -2.2413065848E-04   1.5283210631E-04   9.9999996320E-01   2.7127883626E-04   2.5431257960E+00   0.0000000000E+00   8.9116461793E-02   1.0281486535E-02
  1.2374581940E+02   5.0996819574E-09   9.8231841413E-02   1.9509246913E-04  -2.2792641180E-05   9.9999998071E-01   1.9641939079E-04   6.1668826039E+00   0.0000000000E+00   8.9656114316E-02   1.0389486184E-02
  1.2438127090E+02   5.1230128143E-09   9.7856335739E-02   1.4492920386E-04   2.4887683362E-04   9.9999995853E-01   2.8800026872E-04   1.0434685339E+00   0.0000000000E+00   8.9492306248E-02   1.0532066855E-02
  1.2501672241E+02   5.1378424309E-09   9.7075906279E-02  -7.9463319508E-05  -1.4291745659E-04   9.9999998663E-01   1.6352314677E-04   4.2049444308E+00   0.0000000000E+00   9.0052456641E-02   1.0772152916E-02
  1.2565217391E+02   5.1555119699E-09   9.6591711264E-02   1.3362647344E-04  -1.0751922181E-04   9.9999998529E-01   1.7151215064E-04   5.6056305049E+00   0.0000000000E+00   8.9865944707E-02   1.0888157313E-02
  1.2628762542E+02   5.1364127736E-09   9.6082170695E-02  -1.9757489554E-04  -4.1571096026E-05   9.9999997962E-01   2.0190095560E-04   3.3489744071E+00   0.0000000000E+00   9.0122002950E-02   1.1092755809E-02
  1.2692307692E+02   5.1968322136E-09   9.5637097157E-02  -1.3052821713E-04   6.7402808788E-05   9.9999998921E-01   1.4690389489E-04   2.6649231590E+00   0.0000000000E+00   9.0152797778E-02   1.1274621833E-02
  1.2755852843E+02   5.1843442369E-09   9.5076437817E-02   4.3571955452E-04  -2.3730764454E-04   9.9999987692E-01   4.9615165920E-04   5.7844712681E+00   0.0000000000E+00   9.0305228147E-02   1.1573838326E-02
  1.2819397993E+02   5.1878054797E-09   9.4704992765E-02  -3.5172712706E-04   2.5949231288E-04   9.9999990448E-01   4.3709065960E-04   2.5059673975E+00   0.0000000000E+00   9.0408140848E-02   1.1820116297E-02
  1.2882943144E+02   5.2253518489E-09   9.4022215014E-02   2.0184055721E-04   3.7986479839E-05   9.9999997891E-01   2.0538399055E-04   1.8602450673E-01   0.0000000000E+00   9.1085089908E-02   1.2120475267E-02
  1.2946488294E+02   5.2100059097E-09   9.3496712283E-02  -1.5178363284E-04  -1.1682527444E-04   9.9999998166E-01   1.9153698516E-04   3.7975723022E+00   0.0000000000E+00   9.1256638582E-02   1.2435513116E-02
  1.3010033445E+02   5.2046280254E-09   9.3280891829E-02   1.5002153033E-04   1.4161738146E-04   9.9999997872E-01   2.0630546045E-04   7.5658916921E-01   0.0000000000E+00   9.0970401348E-02   1.2692004174E-02
  1.3073578595E+02   5.2148201527E-09   9.2842015257E-02  -1.3519682079E-04  -3.8759053777E-04   9.9999991575E-01   4.1049313645E-04   4.3767715473E+00   0.0000000000E+00   9.1169195025E-02   1.3023632456E-02
  1.3137123746E+02   5.2263435569E-09   9.2395270500E-02   4.7221194820E-04   4.1157200066E-04   9.9999980381E-01   6.2639898423E-04   7.1689154066E-01   0.0000000000E+00   9.1480689433E-02   1.3318661574E-02
  1.3200668896E+02   5.2196839961E-09   9.1833695361E-02  -3.7689980652E-04  -3.4582516473E-04   9.9999986918E-01   5.1151591536E-04   3.8840207869E+00   0.0000000000E+00   9.1878460054E-02   1.3635990892E-02
  1.3264214047E+02   5.1942530927E-09   9.1709342368E-02  -2.8079463925E-05   1.5555870875E-04   9.9999998751E-01   1.5807266856E-04   1.7493804852E+00   0.0000000000E+00   9.1656486692E-02   1.4051807053E-02
  1.3327759197E+02   5.2047231344E-09   9.0992256273E-02  -1.4518537947E-04  -1.3238764452E-05   9.9999998937E-01   1.4578772199E-04   3.2325264249E+00   0.0000000000E+00   9.2384039886E-02   1.4275246525E-02
  1.3391304348E+02   5.2153743574E-09   9.0882494454E-02   3.0149282287E-04  -3.1812729023E-05   9.9999995405E-01   3.0316657926E-04   6.1780569513E+00   0.0000000000E+00   9.2085248180E-02   1.4579678689E-02
  1.3454849498E+02   5.1975839066E-09   9.0462218798E-02  -4.9209149608E-04  -2.2431674795E-05   9.9999987867E-01   4.9260251758E-04   3.1871454769E+00   0.0000000000E+00   9.2269550206E-02   1.4975270604E-02
  1.3518394649E+02   5.1771816110E-09   9.0187991983E-02   5.3627034681E-04  -3.5050367280E-04   9.9999979478E-01   6.4065495092E-04   5.7042869234E+00   0.0000000000E+00   9.2347396050E-02   1.5308482630E-02
  1.3581939799E+02   5.1981850494E-09   8.9695924163E-02  -5.2648461930E-05   6.3720697659E-05   9.9999999658E-01   8.2657050095E-05   2.2613325560E+00   0.0000000000E+00   9.2866917195E-02   1.5667105388E-02
  1.3645484950E+02   5.1804478685E-09   8.9412113740E-02  -3.8852085931E-04  -7.6474880007E-05   9.9999992160E-01   3.9597584969E-04   3.3359440335E+00   0.0000000000E+00   9.2863384864E-02   1.5952328085E-02
  1.3709030100E+02   5.1728777720E-09   8.9062859625E-02   2.5822445004E-06   1.4408037940E-04   9.9999998962E-01   1.4410351830E-04   1.5528759959E+00   0.0000000000E+00   9.3055033060E-02   1.6285601348E-02
  1.3772575251E+02   5.1490106817E-09   8.8872753945E-02   3.3265914916E-04  -7.2053367296E-05   9.9999994207E-01   3.4037303344E-04   6.0698820788E+00   0.0000000000E+00   9.2980372987E-02   1.6580363126E-02
  1.3836120401E+02   5.1316079646E-09   8.8616156599E-02  -2.8528145351E-04   2.7294409903E-04   9.9999992206E-01   3.9482147522E-04   2.3782919135E+00   0.0000000000E+00   9.3060487555E-02   1.6917887962E-02
  1.3899665552E+02   5.1393658846E-09   8.8115358003E-02   1.3531408426E-04  -9.9574053744E-05   9.9999998589E-01   1.6800266082E-04   5.6487866060E+00   0.0000000000E+00   9.3631193810E-02   1.7220831669E-02
  1.3963210702E+02   5.0976813032E-09   8.8062775613E-02  -3.6233920468E-04  -1.0273030631E-04   9.9999992908E-01   3.7662079331E-04   3.4178621914E+00   0.0000000000E+00   9.3471131404E-02   1.7524605051E-02
  1.4026755853E+02   5.1102097895E-09   8.7464527549E-02   1.8901464589E-04  -1.5011614158E-05   9.9999998202E-01   1.8960982458E-04   6.2039312864E+00   0.0000000000E+00   9.4309999004E-02   1.7882440982E-02
  1.4090301003E+02   5.0633001393E-09   8.7562892171E-02   1.6932207279E-04   7.3010447151E-05   9.9999998300E-01   1.8439221804E-04   4.0710423228E-01   0.0000000000E+00   9.3720272380E-02   1.8264982109E-02
  1.4153846154E+02   5.0786575314E-09   8.7163549392E-02   1.3819602073E-04   1.4871852141E-04   9.9999997939E-01   2.0301561394E-04   8.2205641952E-01   0.0000000000E+00   9.3963846168E-02   1.8523497596E-02
  1.4217391304E+02   5.0316476180E-09   8.6858851147E-02  -3.0388925333E-04  -1.3010490724E-04   9.9999994536E-01   3.3056915992E-04   3.5461136774E+00   0.0000000000E+00   9.4291947046E-02   1.8862119381E-02
  1.4280936455E+02   5.0376701769E-09   8.6497821961E-02   8.6551286310E-05  -8.0179571998E-05   9.9999999304E-01   1.1798258031E-04   5.5359841235E+00   0.0000000000E+00   9.4867459193E-02   1.9198892883E-02
  1.4344481605E+02   4.9839249912E-09   8.6614593529E-02   3.7017816315E-05   3.5665711260E-04   9.9999993571E-01   3.5857303316E-04   1.4673755851E+00   0.0000000000E+00   9.4185398447E-02   1.9595899986E-02
  1.4408026756E+02   5.0096611591E-09   8.5894321924E-02   1.1822140614E-04   1.1838510996E-04   9.9999998600E-01   1.6730611327E-04   7.8609004540E-01   0.0000000000E+00   9.5205391068E-02   1.9889934737E-02
  1.4471571906E+02   4.9553427327E-09   8.6064439437E-02  -1.5298793986E-04  -9.5982579419E-05   9.9999998369E-01   1.8060444554E-04   3.7019063163E+00   0.0000000000E+00   9.4817923373E-02   2.0269420177E-02
  1.4535117057E+02   4.9445345336E-09   8.5627542480E-02  -8.5825667703E-06  -2.9005275091E-04   9.9999995790E-01   2.9017970512E-04   4.6828079361E+00   0.0000000000E+00   9.5241259365E-02   2.0656668771E-02
  1.4598662207E+02   4.9230119320E-09   8.5482400875E-02  -7.4115607795E-05   1.0521422950E-04   9.9999999172E-01   1.2869793222E-04   2.1844863914E+00   0.0000000000E+00   9.5200223771E-02   2.0886530370E-02
  1.4662207358E+02   4.8923234984E-09   8.5386233469E-02   2.7511983319E-04   1.7653711957E-04   9.9999994657E-01   3.2688879063E-04   5.7049953960E-01   0.0000000000E+00   9.5168687308E-02   2.1271178570E-02
  1.4725752508E+02   4.8840957171E-09   8.5023700763E-02  -3.3262768626E-04   1.3010117167E-05   9.9999994459E-01   3.3288202925E-04   3.1024994292E+00   0.0000000000E+00   9.5601623459E-02   2.1575401894E-02
  1.4789297659E+02   4.8684448173E-09   8.4835612127E-02   4.3395320598E-04  -6.3817079784E-05   9.9999990381E-01   4.3862058464E-04   6.1371720754E+00   0.0000000000E+00   9.5890361019E-02   2.1933250135E-02
  1.4852842809E+02   4.8181484359E-09   8.4726894933E-02  -4.2351818539E-04   1.1807025748E-04   9.9999990335E-01   4.3966834302E-04   2.8697115440E+00   0.0000000000E+00   9.5794585330E-02   2.2293972152E-02
  1.4916387960E+02   4.8061860519E-09   8.4618052849E-02   3.1400217526E-04  -1.5964875248E-04   9.9999993796E-01   3.5225714366E-04   5.8128148783E+00   0.0000000000E+00   9.5742826808E-02   2.2613016825E-02
  1.4979933110E+02   4.7746377393E-09   8.4179195025E-02  -3.8126948862E-04   5.0555892692E-05   9.9999992604E-01   3.8460671946E-04   3.0097628524E+00   0.0000000000E+00   9.6533792721E-02   2.2982144638E-02
  1.5043478261E+02   4.7397347847E-09   8.4225731297E-02   1.8881547212E-04  -4.6611858697E-05   9.9999998109E-01   1.9448380019E-04   6.0411597654E+00   0.0000000000E+00   9.6234881015E-02   2.3364991716E-02
  1.5107023411E+02   4.7263880482E-09   8.3980117580E-02  -3.1174188261E-04  -2.0044278950E-04   9.9999993132E-01   3.7062153146E-04   3.7130147764E+00   0.0000000000E+00   9.6553677865E-02   2.3678159377E-02
  1.5170568562E+02   4.6995327246E-09   8.3917612971E-02   3.4108640228E-04  -1.0539910649E-04   9.9999993628E-01   3.5699987566E-04   5.9834830993E+00   0.0000000000E+00   9.6479073284E-02   2.4036368824E-02
  1.5234113712E+02   4.6466374094E-09   8.3578074668E-02  -2.2378953374E-04   4.0619255089E-04   9.9999989246E-01   4.6376088583E-04   2.0743643582E+00   0.0000000000E+00   9.6978279754E-02   2.4352826245E-02
  1.5297658863E+02   4.6620861309E-09   8.3410544219E-02  -3.8326067164E-05  -2.5150158267E-04   9.9999996764E-01   2.5440506054E-04   4.5611634545E+00   0.0000000000E+00   9.7120886875E-02   2.4803623356E-02
  1.5361204013E+02   4.6077045018E-09   8.3268466328E-02   2.2688164139E-04  -1.0369544623E-04   9.9999996889E-01   2.4945546017E-04   5.8544870345E+00   0.0000000000E+00   9.7470795202E-02   2.5146082098E-02
  1.5424749164E+02   4.6127131288E-09   8.3306787105E-02   2.1649505930E-04  -3.0836892206E-04   9.9999992902E-01   3.7677779925E-04   5.3244995763E+00   0.0000000000E+00   9.7014132370E-02   2.5506149399E-02
  1.5488294314E+02   4.5496416055E-09   8.2848042866E-02  -4.1269895152E-04   2.3729712670E-04   9.9999988668E-01   4.7605710591E-04   2.6197670608E+00   0.0000000000E+00   9.7980352857E-02   2.6005804479E-02
  1.5551839465E+02   4.5327426785E-09   8.2904441987E-02  -9.4673668431E-05   1.8206775568E-04   9.9999997894E-01   2.0521152880E-04   2.0503088547E+00   0.0000000000E+00   9.7535557175E-02   2.6276034971E-02
  1.5615384615E+02   4.5033503504E-09   8.3080346407E-02   2.3692348874E-04  -2.9170949472E-05   9.9999997151E-01   2.3871255713E-04   6.1606779511E+00   0.0000000000E+00   9.6945883910E-02   2.6602850156E-02
  1.5678929766E+02   4.4779102910E-09   8.2385086026E-02   2.1316328783E-05   9.8647658620E-05   9.9999999491E-01   1.0092445926E-04   1.3579828574E+00   0.0000000000E+00   9.8433023282E-02   2.6925310541E-02
  1.5742474916E+02   4.4580451686E-09   8.2545780052E-02  -1.8842894295E-04  -1.1119109474E-04   9.9999997607E-01   2.1878968722E-04   3.6746976935E+00   0.0000000000E+00   9.8064718777E-02   2.7364944373E-02
  1.5806020067E+02   4.3924660755E-09   8.2384785506E-02  -1.5714629610E-04  -6.6749458121E-05   9.9999998542E-01   1.7073502509E-04   3.5432599873E+00   0.0000000000E+00   9.8355584952E-02   2.7807678063E-02
  1.5869565217E+02   4.3939349295E-09   8.2330475235E-02   4.4625910139E-04   9.2569176694E-05   9.9999989614E-01   4.5575898506E-04   2.0453302380E-01   0.0000000000E+00   9.8124945860E-02   2.8117356578E-02
  1.5933110368E+02   4.3467010924E-09   8.2191624615E-02  -1.0087521691E-04   1.5366084836E-04   9.9999998311E-01   1.8381367325E-04   2.1517131695E+00   0.0000000000E+00   9.8510272693E-02   2.8512847033E-02
  1.5996655518E+02   4.3279076898E-09   8.2078558841E-02  -4.8573686025E-04  -1.6846440413E-04   9.9999986784E-01   5.1412116895E-04   3.4754338131E+00   0.0000000000E+00   9.8656548062E-02   2.8924696898E-02
  1.6060200669E+02   4.2711331108E-09   8.1777307257E-02   5.3417846852E-04  -2.0574478419E-04   9.9999983616E-01   5.7243129565E-04   5.9155361403E+00   0.0000000000E+00   9.9395097006E-02   2.9264810834E-02
  1.6123745819E+02   4.2548826958E-09   8.1963628217E-02  -1.0817582841E-04   1.6150729308E-06   9.9999999415E-01   1.0818788368E-04   3.1266636906E+00   0.0000000000E+00   9.8769106549E-02   2.9753539328E-02
  1.6187290970E+02   4.2446781396E-09   8.1691942148E-02  -3.5386063897E-04   1.1145579144E-04   9.9999993118E-01   3.7099831754E-04   2.8364583345E+00   0.0000000000E+00   9.9397436714E-02   3.0093204473E-02
  1.6250836120E+02   4.1737526274E-09   8.1896735015E-02   3.5008167213E-04  -4.0816044282E-05   9.9999993789E-01   3.5245302092E-04   6.1671192558E+00   0.0000000000E+00   9.8655460578E-02   3.0520042810E-02
  1.6314381271E+02   4.1730396753E-09   8.1476392060E-02   8.2695113256E-05   2.9620375429E-04   9.9999995271E-01   3.0753072803E-04   1.2985451986E+00   0.0000000000E+00   9.9838598814E-02   3.0961377718E-02
  1.6377926421E+02   4.1380387995E-09   8.1552908846E-02   6.0472338950E-06  -2.4043057679E-04   9.9999997108E-01   2.4050661689E-04   4.7375353627E+00   0.0000000000E+00   9.9593718123E-02   3.1333938179E-02
  1.6441471572E+02   4.0918834208E-09   8.1425482532E-02  -1.2163391359E-04   1.4890067199E-04   9.9999998152E-01   1.9226601358E-04   2.2557452668E+00   0.0000000000E+00   9.9785788523E-02   3.1799739891E-02
  1.6505016722E+02   4.0605373993E-09   8.1302329258E-02  -2.6226745214E-04  -8.9852278911E-05   9.9999996157E-01   2.7723212469E-04   3.4716580179E+00   0.0000000000E+00   9.9998842270E-02   3.2122266061E-02
  1.6568561873E+02   4.0298853164E-09   8.1580453262E-02  -2.5181597900E-04   4.2169694366E-04   9.9999987938E-01   4.9116150028E-04   2.1091169903E+00   0.0000000000E+00   9.9492341554E-02   3.2662869529E-02
  1.6632107023E+02   4.0007098054E-09   8.1154925524E-02   4.5083760938E-04  -3.3897500429E-04   9.9999984092E-01   5.6405552730E-04   5.6384831854E+00   0.0000000000E+00   1.0035417236E-01   3.2976186477E-02
  1.6695652174E+02   3.9574674665E-09   8.1222810151E-02  -4.9383937138E-04  -7.0879148425E-05   9.9999987555E-01   4.9889998946E-04   3.2841458387E+00   0.0000000000E+00   1.0022458573E-01   3.3425688712E-02
  1.6759197324E+02   3.9495234288E-09   8.1007026201E-02   2.5585785587E-04   2.8620550750E-04   9.9999992631E-01   3.8389691627E-04   8.4132521227E-01   0.0000000000E+00   1.0091148544E-01   3.3930689750E-02
  1.6822742475E+02   3.8720744950E-09   8.0984050555E-02  -9.5245972369E-05  -2.2791197648E-04   9.9999996949E-01   2.4701349344E-04   4.3165416161E+00   0.0000000000E+00   1.0094797055E-01   3.4356101157E-02
  1.6886287625E+02   3.8538324563E-09   8.1158936989E-02  -4.2559884707E-04   6.4627485079E-05   9.9999990734E-01   4.3047776042E-04   2.9908932185E+00   0.0000000000E+00   1.0050862698E-01   3.4789804148E-02
  1.6949832776E+02   3.8342864857E-09   8.1153877892E-02   2.7672862139E-04   1.5005098386E-04   9.9999995045E-01   3.1479204427E-04   4.9685937687E-01   0.0000000000E+00   1.0069299688E-01   3.5235770521E-02
  1.7013377926E+02   3.7931357528E-09   8.0907056405E-02   7.7974805197E-05  -1.5554521631E-04   9.9999998486E-01   1.7399535935E-04   5.1770759882E+00   0.0000000000E+00   1.0123157838E-01   3.5706241866E-02
  1.7076923077E+02   3.7591112207E-09   8.0688729495E-02  -1.5002476782E-04   2.4479817470E-04   9.9999995878E-01   2.8711248643E-04   2.1206114303E+00   0.0000000000E+00   1.0184882978E-01   3.6196288197E-02
  1.7140468227E+02   3.7215032705E-09   8.1026094980E-02   2.0142239293E-05  -3.4506684787E-04   9.9999994026E-01   3.4565422679E-04   4.7706948109E+00   0.0000000000E+00   1.0106326178E-01   3.6745270858E-02
  1.7204013378E+02   3.6998960053E-09   8.1008387037E-02   2.1633133662E-04  -1.1758266081E-04   9.9999996969E-01   2.4622130435E-04   5.7853227148E+00   0.0000000000E+00   1.0132371560E-01   3.7185900553E-02
  1.7267558528E+02   3.6450508504E-09   8.0746422464E-02  -2.9869454372E-04   3.1277190779E-04   9.9999990648E-01   4.3248665744E-04   2.3331762564E+00   0.0000000000E+00   1.0188865487E-01   3.7710018424E-02
  1.7331103679E+02   3.6205223859E-09   8.0799493164E-02  -3.0944178031E-04   8.3639004734E-05   9.9999994863E-01   3.2054594447E-04   2.8776105858E+00   0.0000000000E+00   1.0191938381E-01   3.8186605812E-02
  1.7394648829E+02   3.5971450428E-09   8.0853557939E-02   4.1917170173E-04  -1.1939967775E-04   9.9999990502E-01   4.3584539791E-04   6.0056879355E+00   0.0000000000E+00   1.0183234533E-01   3.8674562331E-02
  1.7458193980E+02   3.5445639322E-09   8.0908521302E-02  -7.4823701836E-05   1.1925716726E-04   9.9999999009E-01   1.4078657010E-04   2.1311301836E+00   0.0000000000E+00   1.0192493099E-01   3.9150765479E-02
  1.7521739130E+02   3.5118758201E-09   8.0749464799E-02   2.0921369005E-04  -1.6325789513E-04   9.9999996479E-01   2.6537428347E-04   5.6205474078E+00   0.0000000000E+00   1.0229690975E-01   3.9639279252E-02
  1.7585284281E+02   3.4830558027E-09   8.0655046714E-02  -2.7933432324E-04  -1.2582946532E-04   9.9999995307E-01   3.0636697265E-04   3.5648306159E+00   0.0000000000E+00   1.0271667304E-01   4.0053998371E-02
  1.7648829431E+02   3.4648739167E-09   8.0912400079E-02   3.5650756275E-04   8.7790282682E-05   9.9999993260E-01   3.6715770781E-04   2.4144693022E-01   0.0000000000E+00   1.0217535182E-01   4.0622855593E-02
  1.7712374582E+02   3.4036589948E-09   8.0780597994E-02  -8.9441921569E-04   6.0765345252E-05   9.9999959816E-01   8.9648110741E-04   3.0737585637E+00   0.0000000000E+00   1.0270366032E-01   4.1268553395E-02
  1.7775919732E+02   3.3706739160E-09   8.0880237165E-02   6.7963366232E-04   7.3382155317E-06   9.9999976902E-01   6.7967333007E-04   1.0796890723E-02   0.0000000000E+00   1.0263493184E-01   4.1707613211E-02
  1.7839464883E+02   3.3602468502E-09   8.0815783570E-02  -8.3864100910E-04   6.7037236349E-05   9.9999964609E-01   8.4131617142E-04   3.0618267012E+00   0.0000000000E+00   1.0289215833E-01   4.2248479111E-02
  1.7903010033E+02   3.2914513936E-09   8.0672717388E-02   4.6142649041E-04   2.0903228104E-05   9.9999989332E-01   4.6189973603E-04   4.5270366684E-02   0.0000000000E+00   1.0370300644E-01   4.2753962441E-02
  1.7966555184E+02   3.2949701017E-09   8.1066524970E-02   1.9814918259E-05  -2.6671620206E-04   9.9999996423E-01   2.6745123916E-04   4.7865448936E+00   0.0000000000E+00   1.0270913946E-01   4.3417718900E-02
  1.8030100334E+02   3.2300151489E-09   8.0791583821E-02   2.7322952973E-04   5.1261114614E-05   9.9999996136E-01   2.7799654616E-04   1.8545605947E-01   0.0000000000E+00   1.0360888653E-01   4.3912793691E-02
  1.8093645485E+02   3.1899136856E-09   8.0877594941E-02  -7.1358531330E-04  -1.3485193387E-04   9.9999973631E-01   7.2621562654E-04   3.3283680358E+00   0.0000000000E+00   1.0364721462E-01   4.4431469012E-02
  1.8157190635E+02   3.1895091604E-09   8.1033380495E-02   1.3579061472E-04  -1.9469338021E-04   9.9999997183E-01   2.3737018422E-04   5.3214074163E+00   0.0000000000E+00   1.0349229313E-01   4.5083145632E-02
  1.8220735786E+02   3.1299315442E-09   8.0844288532E-02   1.6887425546E-05   1.9826266862E-04   9.9999998020E-01   1.9898058117E-04   1.4858243934E+00   0.0000000000E+00   1.0406022054E-01   4.5435184178E-02
  1.8284280936E+02   3.0936780858E-09   8.1131749677E-02  -2.3866763904E-04   4.5890810732E-04   9.9999986622E-01   5.1726097550E-04   2.0503763775E+00   0.0000000000E+00   1.0378110709E-01   4.6113214593E-02
  1.8347826087E+02   3.0747731751E-09   8.1023963775E-02   7.7468028309E-04  -3.1455651990E-04   9.9999965046E-01   8.3610735463E-04   5.8974769874E+00   0.0000000000E+00   1.0419006489E-01   4.6656258846E-02
  1.8411371237E+02   3.0158003337E-09   8.1218947204E-02  -6.8843174997E-04   1.0557467437E-04   9.9999975746E-01   6.9647998174E-04   2.9894228413E+00   0.0000000000E+00   1.0402399568E-01   4.7190272375E-02
  1.8474916388E+02   2.9894643179E-09   8.1148374926E-02   2.5870921830E-04   1.3001658920E-05   9.9999996645E-01   2.5903572061E-04   5.0213632389E-02   0.0000000000E+00   1.0437857462E-01   4.7717571226E-02
  1.8538461538E+02   2.9746574753E-09   8.0985002352E-02  -3.0896865945E-04  -3.6393963957E-05   9.9999995161E-01   3.1110473493E-04   3.2588441272E+00   0.0000000000E+00   1.0509940339E-01   4.8311476467E-02
  1.8602006689E+02   2.9128947003E-09   8.1523729559E-02  -1.2534183997E-04  -2.0966393750E-04   9.9999997017E-01   2.4427350391E-04   4.1735720486E+00   0.0000000000E+00   1.0420664019E-01   4.8937170447E-02
  1.8665551839E+02   2.8822467745E-09   8.1360833373E-02   3.6358653468E-04   2.4396898244E-04   9.9999990414E-01   4.3785390853E-04   5.9100119166E-01   0.0000000000E+00   1.0484884337E-01   4.9534029791E-02
  1.8729096990E+02   2.8656476181E-09   8.1372263850E-02  -1.1372029687E-04  -9.6804181694E-05   9.9999998885E-01   1.4934308109E-04   3.8468108328E+00   0.0000000000E+00   1.0514293312E-01   5.0128179996E-02
  1.8792642140E+02   2.8234718915E-09   8.1357690542E-02  -5.2424195336E-04   9.8480970563E-05   9.9999985774E-01   5.3341180590E-04   2.9559027064E+00   0.0000000000E+00   1.0561915667E-01   5.0733929023E-02
  1.8856187291E+02   2.7784922188E-09   8.1756937030E-02   4.6162295773E-04   6.5281001993E-05   9.9999989132E-01   4.6621602269E-04   1.4048472621E-01   0.0000000000E+00   1.0470644439E-01   5.1325633011E-02
  1.8919732441E+02   2.7554588373E-09   8.1506441891E-02  -6.5185863146E-05   1.1944158126E-04   9.9999999074E-01   1.3607162842E-04   2.0703747279E+00   0.0000000000E+00   1.0576852335E-01   5.1954191400E-02
  1.8983277592E+02   2.7171430351E-09   8.2020114135E-02  -4.1306599765E-04   9.3839597699E-05   9.9999991029E-01   4.2359107590E-04   2.9182059206E+00   0.0000000000E+00   1.0471801104E-01   5.2677320472E-02
  1.9046822742E+02   2.6711930878E-09   8.1758410296E-02   2.6976527111E-04  -2.6840627708E-04   9.9999992759E-01   3.8054597444E-04   5.5003123444E+00   0.0000000000E+00   1.0556354764E-01   5.3227394624E-02
  1.9110367893E+02   2.6679137225E-09   8.1989215109E-02   3.8574416232E-04   1.5334383547E-06   9.9999992560E-01   3.8574721989E-04   3.9752520634E-03   0.0000000000E+00   1.0565855230E-01   5.3833288862E-02
  1.9173913043E+02   2.6160635196E-09   8.1788385548E-02  -7.9204264847E-04   4.2726194674E-04   9.9999959506E-01   8.9993585742E-04   2.6468906561E+00   0.0000000000E+00   1.0624691079E-01   5.4488100346E-02
  1.9237458194E+02   2.5909200877E-09   8.2293715540E-02   6.1970354266E-04  -2.1191955848E-04   9.9999978553E-01   6.5493697510E-04   5.9536826634E+00   0.0000000000E+00   1.0579148155E-01   5.5089514164E-02
  1.9301003344E+02   2.5436550643E-09   8.2025898722E-02  -5.5279777398E-04  -3.1372080186E-04   9.9999979800E-01   6.3561480082E-04   3.6577832533E+00   0.0000000000E+00   1.0662541982E-01   5.5753560303E-02
  1.9364548495E+02   2.5324948809E-09   8.2313554304E-02   1.0814195245E-04   4.3874644366E-05   9.9999999319E-01   1.1670332600E-04   3.8542203874E-01   0.0000000000E+00   1.0631057989E-01   5.6376175833E-02
  1.9428093645E+02   2.4817659680E-09   8.2323861050E-02   1.8790759957E-04   1.7813492755E-04   9.9999996648E-01   2.5892338632E-04   7.5870631662E-01   0.0000000000E+00   1.0692099368E-01   5.6981561334E-02
  1.9491638796E+02   2.4562317822E-09   8.2597516554E-02   1.3075807916E-05   3.9361332979E-04   9.9999992245E-01   3.9383046918E-04   1.5375886072E+00   0.0000000000E+00   1.0633976555E-01   5.7731376507E-02
  1.9555183946E+02   2.4221221953E-09   8.2370946987E-02   5.5802683793E-04  -6.6623627863E-05   9.9999984208E-01   5.6198994029E-04   6.1643563452E+00   0.0000000000E+00   1.0732759063E-01   5.8311706303E-02
  1.9618729097E+02   2.3778928248E-09   8.3057644141E-02  -4.1207392657E-04   3.9040568721E-04   9.9999983889E-01   5.6764562545E-04   2.3831895381E+00   0.0000000000E+00   1.0624961609E-01   5.9034573106E-02
  1.9682274247E+02   2.3691658619E-09   8.2990324625E-02  -3.8689148087E-05  -8.5406812483E-04   9.9999963454E-01   8.5494408642E-04   4.6671200901E+00   0.0000000000E+00   1.0679208041E-01   5.9704496413E-02
  1.9745819398E+02   2.3074117554E-09   8.3033845675E-02  -2.8925745556E-04   4.7426151893E-04   9.9999984570E-01   5.5551228223E-04   2.1184716864E+00   0.0000000000E+00   1.0718752928E-01   6.0540770774E-02
  1.9809364548E+02   2.2997254832E-09   8.3326106696E-02   5.7040650630E-04   2.2500616469E-04   9.9999981200E-01   6.1318137938E-04   3.7572689359E-01   0.0000000000E+00   1.0695573284E-01   6.1095989669E-02
  1.9872909699E+02   2.2517270424E-09   8.3104838909E-02  -4.2148529832E-04  -6.8755180899E-05   9.9999990881E-01   4.2705636987E-04   3.3032943236E+00   0.0000000000E+00   1.0772908922E-01   6.1726204585E-02
  1.9936454849E+02   2.2384255101E-09   8.3449358731E-02   4.6551349568E-05  -3.7366891997E-04   9.9999992910E-01   3.7655742770E-04   4.8363295600E+00   0.0000000000E+00   1.0770878429E-01   6.2353848796E-02
  2.0000000000E+02   2.1825677520E-09   8.3882438971E-02   3.0185672061E-04  -2.4740501398E-04   9.9999992384E-01   3.9029056989E-04   5.5966004496E+00   0.0000000000E+00   1.0713340363E-01   6.3154156046E-02
