# Analysis data at t =   2.560400000000E+05
# [01      radius]   [02       sigma]   [03       <h>/H]   [04          lx]   [05          ly]   [06          lz]   [07        tilt]   [08       twist]   [09         psi]   [10         H/R]   [11         |e|]
  1.0000000000E+01   2.2729210603E-10   3.9629345748E+00   5.3046960581E-04  -6.6228176129E-04   9.9999963999E-01   8.4853715754E-04   5.3877227467E+00   0.0000000000E+00   2.3612706302E-02   3.0067747829E-01
  1.0635451505E+01   5.6518812581E-10   1.8610072439E+00   3.9295422592E-04  -1.7564591655E-04   9.9999990737E-01   4.3042365554E-04   5.8628387867E+00   0.0000000000E+00   3.7265788950E-02   2.5135402711E-01
  1.1270903010E+01   1.0633125716E-09   1.3285568436E+00  -1.3754902381E-03  -3.2958252490E-04   9.9999899970E-01   1.4144254559E-03   3.3767697422E+00   0.0000000000E+00   4.1287484928E-02   2.0625462980E-01
  1.1906354515E+01   1.6944332074E-09   1.1049302247E+00   2.8423503696E-04  -2.6106567348E-04   9.9999992553E-01   3.8593373708E-04   5.5402507521E+00   0.0000000000E+00   4.1464066858E-02   1.6523268588E-01
  1.2541806020E+01   2.1747308705E-09   9.6985205910E-01   4.7276581065E-04   7.9553532934E-04   9.9999957181E-01   9.2541029653E-04   1.0345978993E+00   0.0000000000E+00   4.1849281452E-02   1.2860918412E-01
  1.3177257525E+01   2.5131954293E-09   9.0266708446E-01  -2.6853033172E-04   2.7886587322E-04   9.9999992506E-01   3.8713656771E-04   2.3373154526E+00   0.0000000000E+00   4.1304654314E-02   9.6784381798E-02
  1.3812709030E+01   2.7035630306E-09   8.5323878990E-01   1.9461311854E-05  -6.0939044718E-04   9.9999981413E-01   6.0970116151E-04   4.7443138323E+00   0.0000000000E+00   4.1396519085E-02   6.9966472351E-02
  1.4448160535E+01   2.7640741163E-09   8.1103685260E-01  -2.7053012517E-04   5.8534823099E-04   9.9999979209E-01   6.4484041262E-04   2.0037242359E+00   0.0000000000E+00   4.2033731844E-02   4.9010445580E-02
  1.5083612040E+01   2.7945795806E-09   7.8008021014E-01   1.1592533551E-04  -9.9540555658E-05   9.9999998833E-01   1.5279727069E-04   5.5736845706E+00   0.0000000000E+00   4.2441384727E-02   3.2481176184E-02
  1.5719063545E+01   2.7879632940E-09   7.5438217628E-01   1.2625021506E-06  -1.1274502612E-04   9.9999999364E-01   1.1275209668E-04   4.7235863647E+00   0.0000000000E+00   4.2829889928E-02   2.0948551658E-02
  1.6354515050E+01   2.7944955382E-09   7.3619701720E-01   1.9345414861E-04   8.1623832217E-05   9.9999997796E-01   2.0996894644E-04   3.9926624463E-01   0.0000000000E+00   4.2858365497E-02   1.4817751440E-02
  1.6989966555E+01   2.7264625123E-09   7.1208009240E-01  -6.0780478858E-05  -7.3180640887E-05   9.9999999548E-01   9.5129769356E-05   4.0192931709E+00   0.0000000000E+00   4.3447720862E-02   1.1942562381E-02
  1.7625418060E+01   2.7912263347E-09   6.7923780527E-01   1.1141739036E-04   3.6764402225E-04   9.9999992621E-01   3.8415617879E-04   1.2765365731E+00   0.0000000000E+00   4.4714710295E-02   1.1618893196E-02
  1.8260869565E+01   2.8761709474E-09   6.6050794161E-01   4.1825584925E-04   6.4861218470E-05   9.9999991043E-01   4.2325517573E-04   1.5384998947E-01   0.0000000000E+00   4.4736790963E-02   1.1456057776E-02
  1.8896321070E+01   2.8649411106E-09   6.3171932861E-01  -2.5008300697E-04  -4.3188294345E-04   9.9999987547E-01   4.9906353108E-04   4.1875142840E+00   0.0000000000E+00   4.5663712195E-02   1.1187422579E-02
  1.9531772575E+01   2.9958176465E-09   6.1454077921E-01   9.0300184844E-05   1.2513323462E-04   9.9999998809E-01   1.5431283108E-04   9.4569908754E-01   0.0000000000E+00   4.5466515055E-02   1.1472796558E-02
  2.0167224080E+01   3.0653547409E-09   5.8742174605E-01   3.0407956260E-04  -1.6964347655E-04   9.9999993938E-01   3.4820007908E-04   5.7743033752E+00   0.0000000000E+00   4.6546963707E-02   1.1761605863E-02
  2.0802675585E+01   3.1134869030E-09   5.6942387032E-01   3.6230648346E-05   8.7340207624E-05   9.9999999553E-01   9.4556714154E-05   1.1775779375E+00   0.0000000000E+00   4.6927967060E-02   1.1719182785E-02
  2.1438127090E+01   3.1079450359E-09   5.5588343553E-01  -2.2054917904E-04  -1.4160280758E-04   9.9999996565E-01   2.6209406094E-04   3.7123562591E+00   0.0000000000E+00   4.7228702015E-02   1.1785973837E-02
  2.2073578595E+01   3.1248480765E-09   5.3994340464E-01   5.1457443740E-04   1.4411218487E-04   9.9999985722E-01   5.3437365294E-04   2.7306518341E-01   0.0000000000E+00   4.7730934619E-02   1.1746057880E-02
  2.2709030100E+01   3.2475114555E-09   5.2321342470E-01  -3.5384115818E-04  -1.9098198057E-05   9.9999993722E-01   3.5435619361E-04   3.1955142634E+00   0.0000000000E+00   4.8131642365E-02   1.1443247149E-02
  2.3344481605E+01   3.3152170259E-09   5.0623306741E-01   7.4055096376E-05  -3.9741942038E-04   9.9999991829E-01   4.0426026573E-04   4.8966159982E+00   0.0000000000E+00   4.8564864833E-02   1.1811553543E-02
  2.3979933110E+01   3.3997011689E-09   4.8625569929E-01   1.0923147729E-05   1.4023176077E-04   9.9999999011E-01   1.4065654164E-04   1.4930597568E+00   0.0000000000E+00   4.9463626664E-02   1.1624304295E-02
  2.4615384615E+01   3.5332416999E-09   4.7138380195E-01   8.9248837218E-05   2.9803445152E-04   9.9999995161E-01   3.1111073983E-04   1.2798367420E+00   0.0000000000E+00   4.9631441418E-02   1.1742532979E-02
  2.5250836120E+01   3.6771710268E-09   4.5623758227E-01  -2.5260362792E-05  -1.4600731405E-04   9.9999998902E-01   1.4817632062E-04   4.5410772427E+00   0.0000000000E+00   4.9731115464E-02   1.1967233806E-02
  2.5886287625E+01   3.9432003539E-09   4.3498609504E-01   4.9625313998E-06  -3.4075708280E-04   9.9999994193E-01   3.4079322315E-04   4.7269512034E+00   0.0000000000E+00   5.0759137154E-02   1.1539471750E-02
  2.6521739130E+01   4.1150310431E-09   4.2014120401E-01   2.6623393958E-04  -5.2990134267E-05   9.9999996316E-01   2.7145619741E-04   6.0867168570E+00   0.0000000000E+00   5.0971864812E-02   1.1443687314E-02
  2.7157190635E+01   4.3113300225E-09   4.0542955075E-01   6.8252852586E-05   1.7558011582E-04   9.9999998226E-01   1.8837948291E-04   1.2000450694E+00   0.0000000000E+00   5.1311376405E-02   1.1449108442E-02
  2.7792642140E+01   4.5250119274E-09   3.9026395662E-01  -2.1554067911E-04   2.6414752486E-05   9.9999997642E-01   2.1715322778E-04   3.0196495823E+00   0.0000000000E+00   5.2080442819E-02   1.1384119575E-02
  2.8428093645E+01   4.6888339381E-09   3.7867450938E-01   8.7200239561E-05  -7.1443245535E-05   9.9999999365E-01   1.1272985302E-04   5.5967857488E+00   0.0000000000E+00   5.2335608734E-02   1.1408057674E-02
  2.9063545151E+01   4.8487238914E-09   3.6571639505E-01  -7.7697799010E-05  -1.3345009791E-04   9.9999998808E-01   1.5442110315E-04   4.1851429050E+00   0.0000000000E+00   5.3020726115E-02   1.1421714532E-02
  2.9698996656E+01   5.0302339891E-09   3.5599367252E-01   3.7202281912E-05   2.4594818271E-05   9.9999999901E-01   4.4597253649E-05   5.8414613897E-01   0.0000000000E+00   5.3171890163E-02   1.1230220913E-02
  3.0334448161E+01   5.1663654965E-09   3.4722853053E-01   2.5738695413E-04  -1.0344801770E-04   9.9999996153E-01   2.7739779882E-04   5.9010280216E+00   0.0000000000E+00   5.3251263863E-02   1.0883439980E-02
  3.0969899666E+01   5.2865994400E-09   3.3712436837E-01   1.1505748779E-04   6.7556015651E-05   9.9999999110E-01   1.3342428931E-04   5.3091746221E-01   0.0000000000E+00   5.3872690101E-02   1.0484664543E-02
  3.1605351171E+01   5.4667821469E-09   3.2853591349E-01   1.7510288002E-04  -1.6110410996E-04   9.9999997169E-01   2.3794023307E-04   5.5394004628E+00   0.0000000000E+00   5.4334196606E-02   1.0341260291E-02
  3.2240802676E+01   5.5186750940E-09   3.2143739549E-01   1.6981212855E-05  -2.8565330346E-04   9.9999995906E-01   2.8615760258E-04   4.7717660345E+00   0.0000000000E+00   5.4540617646E-02   1.0269040304E-02
  3.2876254181E+01   5.6371262833E-09   3.1483502439E-01   1.6093151381E-05   1.5768350763E-04   9.9999998744E-01   1.5850261443E-04   1.4690886611E+00   0.0000000000E+00   5.4672949608E-02   1.0317368981E-02
  3.3511705686E+01   5.6916686408E-09   3.0630696595E-01   2.1149144731E-04   2.1083939836E-04   9.9999995541E-01   2.9863336586E-04   7.8385423536E-01   0.0000000000E+00   5.5509036773E-02   1.0340723921E-02
  3.4147157191E+01   5.8151443731E-09   3.0020503489E-01  -3.7449516752E-05  -1.2952655650E-04   9.9999999091E-01   1.3483173081E-04   4.4309377917E+00   0.0000000000E+00   5.5735295402E-02   1.0374475202E-02
  3.4782608696E+01   5.9157466712E-09   2.9508872727E-01   1.7679775199E-04   6.4439824630E-05   9.9999998230E-01   1.8817528229E-04   3.4951880691E-01   0.0000000000E+00   5.5768180906E-02   1.0374310962E-02
  3.5418060201E+01   5.9766742999E-09   2.8791568333E-01  -1.3292206158E-04  -2.0223337921E-04   9.9999997072E-01   2.4200540412E-04   4.1309195613E+00   0.0000000000E+00   5.6537866633E-02   1.0271960650E-02
  3.6053511706E+01   6.0255548894E-09   2.8285597818E-01  -3.3214495746E-05   1.3658015181E-04   9.9999999012E-01   1.4056080936E-04   1.8093523977E+00   0.0000000000E+00   5.6816968542E-02   1.0457763563E-02
  3.6688963211E+01   6.0722302665E-09   2.7732640989E-01   1.3567274502E-04  -2.9784043298E-05   9.9999999035E-01   1.3890350309E-04   6.0670847157E+00   0.0000000000E+00   5.7350825322E-02   1.0545443396E-02
  3.7324414716E+01   6.0986951370E-09   2.7374709534E-01  -3.1966908509E-05   1.2263240543E-04   9.9999999197E-01   1.2673038306E-04   1.8257942975E+00   0.0000000000E+00   5.7263859569E-02   1.0426843940E-02
  3.7959866221E+01   6.1727693411E-09   2.6787304443E-01  -3.3039363768E-05   6.6628038828E-05   9.9999999723E-01   7.4369989242E-05   2.0311407226E+00   0.0000000000E+00   5.8070684369E-02   1.0429841803E-02
  3.8595317726E+01   6.1898935814E-09   2.6403660017E-01   1.1824304958E-04  -1.9950796894E-04   9.9999997311E-01   2.3191560806E-04   5.2474037958E+00   0.0000000000E+00   5.8143530458E-02   1.0487680278E-02
  3.9230769231E+01   6.2361499038E-09   2.6006306390E-01  -4.2042636626E-04   9.0009638463E-05   9.9999990757E-01   4.2995357461E-04   2.9306851814E+00   0.0000000000E+00   5.8259431593E-02   1.0576463762E-02
  3.9866220736E+01   6.2521891641E-09   2.5519970160E-01   3.5592396781E-04   1.2475553723E-04   9.9999992888E-01   3.7715490382E-04   3.3713065964E-01   0.0000000000E+00   5.8879713716E-02   1.0685444301E-02
  4.0501672241E+01   6.3354391927E-09   2.5203725627E-01  -2.3420814312E-04   2.4747466845E-04   9.9999994195E-01   3.4073034809E-04   2.3286594152E+00   0.0000000000E+00   5.8806850244E-02   1.0766329884E-02
  4.1137123746E+01   6.3713674654E-09   2.4660663583E-01   2.0726776963E-04   2.1075771927E-04   9.9999995631E-01   2.9559896404E-04   7.9374662216E-01   0.0000000000E+00   5.9770136222E-02   1.0851620920E-02
  4.1772575251E+01   6.4349824398E-09   2.4329162743E-01  -3.6316007356E-06  -4.2288141221E-04   9.9999991058E-01   4.2289701789E-04   4.7038014394E+00   0.0000000000E+00   5.9706300045E-02   1.1046335547E-02
  4.2408026756E+01   6.4714430421E-09   2.3945361337E-01   3.3216163952E-05   2.5522225907E-04   9.9999996688E-01   2.5737466169E-04   1.4413777217E+00   0.0000000000E+00   6.0041539632E-02   1.1373178324E-02
  4.3043478261E+01   6.5312658948E-09   2.3538210986E-01   7.4549383795E-05  -5.0669769734E-05   9.9999999594E-01   9.0138985178E-05   5.6862270912E+00   0.0000000000E+00   6.0433044959E-02   1.1462285329E-02
  4.3678929766E+01   6.5975192145E-09   2.3167405741E-01  -2.4184663054E-04  -4.2488463395E-06   9.9999997075E-01   2.4188395282E-04   3.1591591968E+00   0.0000000000E+00   6.0774740294E-02   1.1426436987E-02
  4.4314381271E+01   6.6491557061E-09   2.2874906832E-01   2.2898782807E-05   1.2324914585E-04   9.9999999214E-01   1.2535831135E-04   1.3870982705E+00   0.0000000000E+00   6.0798471888E-02   1.1158226090E-02
  4.4949832776E+01   6.7210629639E-09   2.2410655606E-01   2.3415282372E-04  -6.0508198423E-05   9.9999997076E-01   2.4184455404E-04   6.0303040747E+00   0.0000000000E+00   6.1632958560E-02   1.1072442158E-02
  4.5585284281E+01   6.6949524272E-09   2.2143352021E-01  -2.5820999429E-05   8.5604238715E-05   9.9999999600E-01   8.9413701022E-05   1.8637499280E+00   0.0000000000E+00   6.1624141672E-02   1.1087296605E-02
  4.6220735786E+01   6.8244012408E-09   2.1780645541E-01   5.1122834636E-05  -4.1367839928E-05   9.9999999784E-01   6.5763534620E-05   5.6028686883E+00   0.0000000000E+00   6.2058559136E-02   1.1109682825E-02
  4.6856187291E+01   6.8412951613E-09   2.1487533456E-01  -1.3027947508E-04  -3.6363241888E-05   9.9999999085E-01   1.3525911006E-04   3.4137825461E+00   0.0000000000E+00   6.2320733575E-02   1.1143063621E-02
  4.7491638796E+01   6.9309104448E-09   2.1180523459E-01   1.6638082986E-04  -3.2967404681E-05   9.9999998562E-01   1.6961553721E-04   6.0875747579E+00   0.0000000000E+00   6.2615009200E-02   1.1183086134E-02
  4.8127090301E+01   6.9248752118E-09   2.0868902822E-01   1.2104285571E-04   1.3728798231E-04   9.9999998325E-01   1.8302831487E-04   8.4820043469E-01   0.0000000000E+00   6.3070657930E-02   1.1141887883E-02
  4.8762541806E+01   6.9756251139E-09   2.0606013443E-01  -3.6429429213E-04  -1.7802584741E-04   9.9999991780E-01   4.0546706748E-04   3.5961488893E+00   0.0000000000E+00   6.3267841679E-02   1.1265682187E-02
  4.9397993311E+01   6.9790569144E-09   2.0294160204E-01   5.7359500259E-05  -1.2999850406E-04   9.9999998991E-01   1.4209054599E-04   5.1279275597E+00   0.0000000000E+00   6.3744578890E-02   1.1296848391E-02
  5.0033444816E+01   7.0631207785E-09   2.0126128018E-01  -4.9618621881E-05   1.4591472934E-04   9.9999998812E-01   1.5412045927E-04   1.8985816063E+00   0.0000000000E+00   6.3517733630E-02   1.1443434180E-02
  5.0668896321E+01   7.0839056872E-09   1.9753785949E-01  -2.2441562322E-05  -1.6993128164E-04   9.9999998531E-01   1.7140672379E-04   4.5810862188E+00   0.0000000000E+00   6.4478946523E-02   1.1557998074E-02
  5.1304347826E+01   7.1147937177E-09   1.9562317561E-01  -2.2785438742E-04   1.0269482144E-04   9.9999996877E-01   2.4992768860E-04   2.7181536623E+00   0.0000000000E+00   6.4327534991E-02   1.1519996672E-02
  5.1939799331E+01   7.1362461513E-09   1.9307768948E-01  -1.2665658943E-04  -8.7128636910E-05   9.9999998818E-01   1.5373123095E-04   3.7441599760E+00   0.0000000000E+00   6.4760106300E-02   1.1552956762E-02
  5.2575250836E+01   7.1882640132E-09   1.9056449140E-01   1.6390284783E-04   1.5360990920E-04   9.9999997477E-01   2.2463336510E-04   7.5299211009E-01   0.0000000000E+00   6.5221359429E-02   1.1561838539E-02
  5.3210702341E+01   7.1747897218E-09   1.8922117755E-01  -5.3173888685E-05  -2.2091593261E-04   9.9999997418E-01   2.2722524728E-04   4.4761846948E+00   0.0000000000E+00   6.4938353270E-02   1.1629747887E-02
  5.3846153846E+01   7.1626800204E-09   1.8660077968E-01  -6.7539901555E-05  -1.4971773563E-04   9.9999998651E-01   1.6424688462E-04   4.2886082882E+00   0.0000000000E+00   6.5721931026E-02   1.1610303584E-02
  5.4481605351E+01   7.1874000753E-09   1.8491464435E-01  -1.8242175038E-04   2.5453760662E-04   9.9999995097E-01   3.1315665679E-04   2.1926287447E+00   0.0000000000E+00   6.5807050048E-02   1.1664422408E-02
  5.5117056856E+01   7.1420247875E-09   1.8258273689E-01   3.3853437121E-04  -1.2478913170E-04   9.9999993491E-01   3.6080168224E-04   5.9300234221E+00   0.0000000000E+00   6.6301045871E-02   1.1664384420E-02
  5.5752508361E+01   7.1603520917E-09   1.8145314335E-01  -2.4906658099E-04   5.0422751075E-05   9.9999996771E-01   2.5411929692E-04   2.9418454399E+00   0.0000000000E+00   6.6130629276E-02   1.1693721714E-02
  5.6387959866E+01   7.2049166549E-09   1.7896530628E-01   2.0122165955E-04   1.0156738047E-04   9.9999997460E-01   2.2540206347E-04   4.6744334629E-01   0.0000000000E+00   6.6845761328E-02   1.1924210010E-02
  5.7023411371E+01   7.1440628542E-09   1.7726137805E-01  -8.1155822448E-05  -2.4467334030E-04   9.9999996677E-01   2.5778152063E-04   4.3921177045E+00   0.0000000000E+00   6.7135451182E-02   1.1979559596E-02
  5.7658862876E+01   7.1529655161E-09   1.7632242344E-01  -2.0100076972E-05   1.6806788354E-04   9.9999998567E-01   1.6926555271E-04   1.6898259738E+00   0.0000000000E+00   6.6900678106E-02   1.2038274319E-02
  5.8294314381E+01   7.1371842225E-09   1.7394609438E-01   1.5722860061E-04   1.1989383671E-04   9.9999998045E-01   1.9772548019E-04   6.5148149534E-01   0.0000000000E+00   6.7689920425E-02   1.1944007988E-02
  5.8929765886E+01   7.0994300516E-09   1.7299797760E-01  -1.9832749125E-04   3.6252815146E-05   9.9999997968E-01   2.0161364303E-04   2.9607959943E+00   0.0000000000E+00   6.7596459849E-02   1.1974912662E-02
  5.9565217391E+01   7.0943327500E-09   1.7087283286E-01   1.0321614891E-04   1.2160588521E-04   9.9999998728E-01   1.5950412261E-04   8.6701332478E-01   0.0000000000E+00   6.8326967376E-02   1.2078234611E-02
  6.0200668896E+01   7.0559557470E-09   1.7008121201E-01  -1.7426854776E-04  -8.3244098450E-05   9.9999998135E-01   1.9312976791E-04   3.5872230144E+00   0.0000000000E+00   6.8059048024E-02   1.2175115770E-02
  6.0836120401E+01   7.0409207959E-09   1.6805280952E-01   3.2613407638E-04  -8.7468579629E-05   9.9999994299E-01   3.3765987794E-04   6.0211535855E+00   0.0000000000E+00   6.8841873559E-02   1.2354691931E-02
  6.1471571906E+01   6.9785262358E-09   1.6734604271E-01  -2.8370118048E-04   1.8116620437E-04   9.9999994335E-01   3.3661187965E-04   2.5732867275E+00   0.0000000000E+00   6.8805222463E-02   1.2554367261E-02
  6.2107023411E+01   6.9467464287E-09   1.6602784437E-01   2.2463512566E-04   3.5673862944E-06   9.9999997476E-01   2.2466345228E-04   1.5879468677E-02   0.0000000000E+00   6.9031977974E-02   1.2694633036E-02
  6.2742474916E+01   6.8976469472E-09   1.6445781189E-01  -4.5493185797E-05  -2.5652549341E-04   9.9999996606E-01   2.6052823313E-04   4.5368701441E+00   0.0000000000E+00   6.9644755306E-02   1.2859202892E-02
  6.3377926421E+01   6.8382692934E-09   1.6368854381E-01  -2.1582943856E-05  -4.1327107107E-05   9.9999999891E-01   4.6623528394E-05   4.2311028446E+00   0.0000000000E+00   6.9711122703E-02   1.2993229089E-02
  6.4013377926E+01   6.8258480869E-09   1.6303095462E-01  -4.8412374802E-05   1.0042154482E-04   9.9999999379E-01   1.1148203842E-04   2.0200147813E+00   0.0000000000E+00   6.9532335065E-02   1.3262452130E-02
  6.4648829431E+01   6.7331854820E-09   1.6142697548E-01  -1.9334874781E-05  -5.8323458393E-05   9.9999999811E-01   6.1444800419E-05   4.3922793171E+00   0.0000000000E+00   7.0266441361E-02   1.3454856218E-02
  6.5284280936E+01   6.7128214557E-09   1.6052830427E-01   1.5790354043E-05   2.1377450966E-04   9.9999997703E-01   2.1435689293E-04   1.4970656913E+00   0.0000000000E+00   7.0497085110E-02   1.3748082753E-02
  6.5919732441E+01   6.6045125112E-09   1.5990251235E-01  -1.3610500702E-04  -1.3102682425E-04   9.9999998215E-01   1.8892485832E-04   3.9079830816E+00   0.0000000000E+00   7.0578867138E-02   1.4058111193E-02
  6.6555183946E+01   6.5530261524E-09   1.5893280560E-01   2.3698596621E-04   1.1894232688E-04   9.9999996485E-01   2.6515962588E-04   4.6516332032E-01   0.0000000000E+00   7.0875034530E-02   1.4396248861E-02
  6.7190635452E+01   6.4753953828E-09   1.5814367220E-01  -1.1023373819E-04   1.1053266359E-05   9.9999999386E-01   1.1078651591E-04   3.0416555191E+00   0.0000000000E+00   7.1173227179E-02   1.4727816564E-02
  6.7826086957E+01   6.4233139303E-09   1.5721733169E-01   6.8803895947E-05  -1.1817038318E-04   9.9999999065E-01   1.3674142063E-04   5.2396496406E+00   0.0000000000E+00   7.1614813511E-02   1.5018054150E-02
  6.8461538462E+01   6.3222621592E-09   1.5706472130E-01  -1.3697726429E-04  -8.5909757958E-05   9.9999998693E-01   1.6168876912E-04   3.7017599460E+00   0.0000000000E+00   7.1352311226E-02   1.5361948018E-02
  6.9096989967E+01   6.2741780740E-09   1.5559870806E-01   2.3193779231E-04   3.0926927757E-04   9.9999992528E-01   3.8657810784E-04   9.2732453340E-01   0.0000000000E+00   7.2338620708E-02   1.5804947061E-02
  6.9732441472E+01   6.1550460863E-09   1.5567881156E-01  -2.2943528159E-04  -3.1397769494E-04   9.9999992439E-01   3.8887343578E-04   4.0813302660E+00   0.0000000000E+00   7.2039599116E-02   1.6230703488E-02
  7.0367892977E+01   6.0554172526E-09   1.5544918230E-01  -1.9634276390E-05   1.7967857855E-04   9.9999998367E-01   1.8074815994E-04   1.6796389133E+00   0.0000000000E+00   7.1969878344E-02   1.6633037222E-02
  7.1003344482E+01   5.9964616565E-09   1.5411134440E-01   2.2570969406E-04  -3.2554676894E-05   9.9999997400E-01   2.2804533349E-04   6.1399406479E+00   0.0000000000E+00   7.2990789008E-02   1.7076583334E-02
  7.1638795987E+01   5.9026290678E-09   1.5398148969E-01   2.5558711562E-04  -2.0845432306E-04   9.9999994561E-01   3.2981507318E-04   5.5990102299E+00   0.0000000000E+00   7.2953570765E-02   1.7402059488E-02
  7.2274247492E+01   5.7834163059E-09   1.5373741635E-01  -3.7152578288E-04  -4.2444475848E-05   9.9999993008E-01   3.7394243848E-04   3.2553431767E+00   0.0000000000E+00   7.3050156544E-02   1.8061546483E-02
  7.2909698997E+01   5.6868927829E-09   1.5312919697E-01   1.7824871146E-04   5.4134917460E-05   9.9999998265E-01   1.8628793119E-04   2.9485184948E-01   0.0000000000E+00   7.3498690300E-02   1.8355405400E-02
  7.3545150502E+01   5.5667512424E-09   1.5335835980E-01  -2.5436854188E-04   3.1125260300E-05   9.9999996716E-01   2.5626575719E-04   3.0198350725E+00   0.0000000000E+00   7.3232019963E-02   1.8975061522E-02
  7.4180602007E+01   5.5231165344E-09   1.5266667587E-01   1.6548786002E-04   1.8092521202E-04   9.9999996994E-01   2.4519413858E-04   8.2993212126E-01   0.0000000000E+00   7.3722663310E-02   1.9484186070E-02
  7.4816053512E+01   5.4126837645E-09   1.5252000187E-01   1.2449513403E-04  -4.3871841274E-05   9.9999999129E-01   1.3199915573E-04   5.9443757483E+00   0.0000000000E+00   7.3979425216E-02   2.0056329819E-02
  7.5451505017E+01   5.3192977335E-09   1.5189369278E-01  -2.6797903813E-04  -2.3131413383E-06   9.9999996409E-01   2.6798902526E-04   3.1502242388E+00   0.0000000000E+00   7.4483853900E-02   2.0496588619E-02
  7.6086956522E+01   5.2072272637E-09   1.5190251147E-01   2.2947931461E-04  -8.8758686370E-05   9.9999996973E-01   2.4604646175E-04   5.9141246056E+00   0.0000000000E+00   7.4543208324E-02   2.0835690150E-02
  7.6722408027E+01   5.1153759985E-09   1.5180670315E-01  -1.5168560507E-04   1.1037864664E-04   9.9999998240E-01   1.8759522707E-04   2.5125297579E+00   0.0000000000E+00   7.4745581323E-02   2.1173436044E-02
  7.7357859532E+01   4.9871529473E-09   1.5156126908E-01   1.7808575681E-04  -9.8415958310E-05   9.9999997930E-01   2.0347048555E-04   5.7783233104E+00   0.0000000000E+00   7.4984223969E-02   2.1336909502E-02
  7.7993311037E+01   4.9012407785E-09   1.5166126571E-01  -7.4078627937E-05  -1.2412904604E-04   9.9999998955E-01   1.4455332316E-04   4.1743351693E+00   0.0000000000E+00   7.5021792814E-02   2.1410866466E-02
  7.8628762542E+01   4.8489688402E-09   1.5133984047E-01   1.3940217521E-04   1.4338760798E-04   9.9999998000E-01   1.9998243189E-04   7.9949050045E-01   0.0000000000E+00   7.5407644635E-02   2.1322090600E-02
  7.9264214047E+01   4.7240695039E-09   1.5118866457E-01  -5.5453198217E-05  -3.3421920596E-04   9.9999994261E-01   3.3878834021E-04   4.5479681948E+00   0.0000000000E+00   7.5621527376E-02   2.1260090850E-02
  7.9899665552E+01   4.6481769967E-09   1.5081235049E-01   1.8278008206E-04   5.3213242861E-05   9.9999998188E-01   1.9036861100E-04   2.8330185455E-01   0.0000000000E+00   7.5849767665E-02   2.1119004008E-02
  8.0535117057E+01   4.5755813403E-09   1.5061578700E-01   1.1630827807E-04   1.5615915745E-04   9.9999998104E-01   1.9471337613E-04   9.3062767122E-01   0.0000000000E+00   7.6139058999E-02   2.0679443326E-02
  8.1170568562E+01   4.5092135620E-09   1.5047932401E-01  -2.4397139719E-04  -9.3347050047E-05   9.9999996588E-01   2.6121967026E-04   3.5070224811E+00   0.0000000000E+00   7.6140376559E-02   2.0020471106E-02
  8.1806020067E+01   4.4211442552E-09   1.5034647126E-01  -7.6913557812E-05  -3.0796386224E-05   9.9999999657E-01   8.2849943027E-05   3.5224460257E+00   0.0000000000E+00   7.6172244417E-02   1.9421301400E-02
  8.2441471572E+01   4.3959527061E-09   1.4969621663E-01   2.9052359825E-04   3.2968852715E-04   9.9999990345E-01   4.3942974242E-04   8.4846206229E-01   0.0000000000E+00   7.6738679127E-02   1.8873564200E-02
  8.3076923077E+01   4.3320296122E-09   1.4891785110E-01  -9.0966974830E-06  -2.3039020994E-04   9.9999997342E-01   2.3056972926E-04   4.6729256077E+00   0.0000000000E+00   7.7150345536E-02   1.8343452489E-02
  8.3712374582E+01   4.2769307401E-09   1.4913146255E-01   2.0628021392E-04   1.4776594566E-05   9.9999997862E-01   2.0680878988E-04   7.1511450755E-02   0.0000000000E+00   7.6696438352E-02   1.7717438437E-02
  8.4347826087E+01   4.2658663497E-09   1.4787596353E-01  -4.7984974457E-04   6.2377361010E-05   9.9999988293E-01   4.8388710543E-04   3.0123240144E+00   0.0000000000E+00   7.7568339109E-02   1.6871084239E-02
  8.4983277592E+01   4.1897614301E-09   1.4792514001E-01   1.9790045842E-04   2.7837150083E-04   9.9999994167E-01   3.4154836896E-04   9.5277762877E-01   0.0000000000E+00   7.7226595543E-02   1.6670027612E-02
  8.5618729097E+01   4.1931108355E-09   1.4661515665E-01  -3.2255892546E-04  -2.3881516861E-04   9.9999991946E-01   4.0134393472E-04   3.7789064600E+00   0.0000000000E+00   7.8054048971E-02   1.6284460747E-02
  8.6254180602E+01   4.1373923959E-09   1.4690907677E-01   2.4143715706E-04   1.6071021153E-04   9.9999995794E-01   2.9003392107E-04   5.8729144671E-01   0.0000000000E+00   7.7350238879E-02   1.6000256688E-02
  8.6889632107E+01   4.1406434267E-09   1.4538979133E-01   1.3101611875E-04  -6.2351801455E-05   9.9999998947E-01   1.4509641876E-04   5.8389952498E+00   0.0000000000E+00   7.8306433353E-02   1.5959434718E-02
  8.7525083612E+01   4.1017820936E-09   1.4513108683E-01   1.2657221473E-04   1.6598241192E-05   9.9999999185E-01   1.2765589552E-04   1.3039248430E-01   0.0000000000E+00   7.8135141345E-02   1.5717647856E-02
  8.8160535117E+01   4.1007684380E-09   1.4449058465E-01   1.8744392346E-04   3.8353891657E-04   9.9999990888E-01   4.2689265212E-04   1.1162117200E+00   0.0000000000E+00   7.8179972202E-02   1.5799540505E-02
  8.8795986622E+01   4.0834802175E-09   1.4327349139E-01  -6.2224421110E-04  -4.7836986858E-05   9.9999980526E-01   6.2408035263E-04   3.2183198870E+00   0.0000000000E+00   7.8978054321E-02   1.5834768217E-02
  8.9431438127E+01   4.0271595874E-09   1.4322313352E-01   2.4024723395E-04  -4.0408452281E-04   9.9999988950E-01   4.7010961599E-04   5.2487892618E+00   0.0000000000E+00   7.8629372989E-02   1.5906982298E-02
  9.0066889632E+01   4.0558924613E-09   1.4167789842E-01   1.7996727692E-04   2.0668377958E-04   9.9999996245E-01   2.7405548304E-04   8.5438570393E-01   0.0000000000E+00   7.9563803602E-02   1.6032587716E-02
  9.0702341137E+01   4.0160867754E-09   1.4228567334E-01   1.4036922362E-05   1.3925225759E-04   9.9999999021E-01   1.3995794672E-04   1.4703335623E+00   0.0000000000E+00   7.8464700791E-02   1.6002620732E-02
  9.1337792642E+01   4.0105630927E-09   1.4028614245E-01   1.2099106138E-04  -9.7953181414E-05   9.9999998788E-01   1.5567165093E-04   5.6026239576E+00   0.0000000000E+00   7.9794114890E-02   1.5777948188E-02
  9.1973244147E+01   3.9830579861E-09   1.4016702773E-01  -7.3180263409E-05  -5.4304278631E-05   9.9999999585E-01   9.1127962071E-05   3.7799939320E+00   0.0000000000E+00   7.9538178998E-02   1.5573442545E-02
  9.2608695652E+01   3.9973090937E-09   1.3931292181E-01   3.7101098371E-04   8.8903018501E-06   9.9999993114E-01   3.7111749351E-04   2.3957783562E-02   0.0000000000E+00   7.9785583153E-02   1.5281961802E-02
  9.3244147157E+01   3.9299782626E-09   1.3946381145E-01   4.5560468082E-05   1.2322327800E-04   9.9999999137E-01   1.3137630220E-04   1.2166458810E+00   0.0000000000E+00   7.9208051987E-02   1.5207070232E-02
  9.3879598662E+01   3.9828132202E-09   1.3717259580E-01   1.3977936764E-04  -1.3596178567E-04   9.9999998099E-01   1.9499712690E-04   5.5116310624E+00   0.0000000000E+00   8.1012178998E-02   1.5277094586E-02
  9.4515050167E+01   3.9158889800E-09   1.3756995465E-01  -4.7825144326E-04   1.1849474568E-04   9.9999987862E-01   4.9271235780E-04   2.8987170932E+00   0.0000000000E+00   8.0279216497E-02   1.5518577623E-02
  9.5150501672E+01   3.9067151662E-09   1.3670350464E-01   4.3511820034E-04   2.9470402148E-05   9.9999990490E-01   4.3611508281E-04   6.7626365684E-02   0.0000000000E+00   8.0503107724E-02   1.5669615540E-02
  9.5785953177E+01   3.9162934111E-09   1.3583586878E-01  -1.4398745423E-04  -1.3907977089E-04   9.9999997996E-01   2.0018883668E-04   3.9096550350E+00   0.0000000000E+00   8.1039765982E-02   1.5838503711E-02
  9.6421404682E+01   3.9284728377E-09   1.3516233746E-01   2.8346027799E-04  -1.6054504789E-04   9.9999994694E-01   3.2576747118E-04   5.7678564789E+00   0.0000000000E+00   8.1135602989E-02   1.5771881976E-02
  9.7056856187E+01   3.8493350165E-09   1.3446609693E-01   7.9645845943E-07   2.5695176477E-04   9.9999996699E-01   2.5695300167E-04   1.5676966948E+00   0.0000000000E+00   8.1300596318E-02   1.5684429462E-02
  9.7692307692E+01   3.8744821484E-09   1.3400652140E-01  -8.0223813730E-05  -1.2674100854E-04   9.9999998875E-01   1.4999714638E-04   4.1480758065E+00   0.0000000000E+00   8.1168577811E-02   1.5320581910E-02
  9.8327759197E+01   3.9006415249E-09   1.3237816820E-01   3.4335453445E-04   2.5206796584E-04   9.9999990928E-01   4.2594671831E-04   6.3326878631E-01   0.0000000000E+00   8.2303220957E-02   1.5051828279E-02
  9.8963210702E+01   3.8924884895E-09   1.3216289726E-01  -3.5591138389E-04  -2.4009740611E-04   9.9999990784E-01   4.2932468924E-04   3.7350666749E+00   0.0000000000E+00   8.1692016450E-02   1.4589554563E-02
  9.9598662207E+01   3.9048084665E-09   1.3111288821E-01   2.2335457673E-04  -1.7406918870E-04   9.9999995991E-01   2.8317371262E-04   5.6211693988E+00   0.0000000000E+00   8.2107835137E-02   1.4131803815E-02
  1.0023411371E+02   3.9135989268E-09   1.3038362413E-01  -3.0851643474E-04   1.6669253051E-04   9.9999993852E-01   3.5066906870E-04   2.6462243874E+00   0.0000000000E+00   8.2176656026E-02   1.3443368746E-02
  1.0086956522E+02   3.9382940133E-09   1.2889030536E-01   1.4469802442E-04  -2.2331969352E-05   9.9999998928E-01   1.4641118636E-04   6.1300584722E+00   0.0000000000E+00   8.2906530450E-02   1.3124252267E-02
  1.0150501672E+02   3.9436187702E-09   1.2829495305E-01   1.9161444612E-04  -1.9759437925E-04   9.9999996212E-01   2.7524468536E-04   5.4824240218E+00   0.0000000000E+00   8.2737322973E-02   1.2769237994E-02
  1.0214046823E+02   3.9836359261E-09   1.2677964378E-01  -2.2976274380E-04   3.1185935497E-04   9.9999992498E-01   3.8735924368E-04   2.2057641214E+00   0.0000000000E+00   8.3516044539E-02   1.2337847519E-02
  1.0277591973E+02   3.9972047379E-09   1.2641098624E-01   3.1843073018E-04  -5.7908498445E-04   9.9999978163E-01   6.6086126615E-04   5.2151446690E+00   0.0000000000E+00   8.2869527384E-02   1.2352043566E-02
  1.0341137124E+02   4.0585618712E-09   1.2525796221E-01  -1.6824763236E-04   6.7939415598E-04   9.9999975506E-01   6.9991697016E-04   1.8135559996E+00   0.0000000000E+00   8.2984877465E-02   1.2369269220E-02
  1.0404682274E+02   4.1027405282E-09   1.2413189659E-01  -2.4853214050E-04  -4.6332940507E-05   9.9999996804E-01   2.5281409747E-04   3.3259032185E+00   0.0000000000E+00   8.3358870876E-02   1.2512854627E-02
  1.0468227425E+02   4.1304124291E-09   1.2255259582E-01   6.4690655881E-04  -2.6854776260E-04   9.9999975470E-01   7.0043277832E-04   5.8897076224E+00   0.0000000000E+00   8.4122726490E-02   1.2751977276E-02
  1.0531772575E+02   4.1955627284E-09   1.2150633693E-01  -3.4967028990E-04   2.5433715843E-04   9.9999990652E-01   4.3238491381E-04   2.5127374623E+00   0.0000000000E+00   8.4096178222E-02   1.2867240903E-02
  1.0595317726E+02   4.2484076830E-09   1.2043323278E-01   8.4879297430E-05   1.4838704918E-04   9.9999998539E-01   1.7094798081E-04   1.0512098747E+00   0.0000000000E+00   8.4171684383E-02   1.3129740839E-02
  1.0658862876E+02   4.3126064121E-09   1.1916450533E-01  -4.1533553149E-05  -2.0615642825E-04   9.9999997789E-01   2.1029861910E-04   4.5135840068E+00   0.0000000000E+00   8.4446718527E-02   1.3317765662E-02
  1.0722408027E+02   4.3686862731E-09   1.1820396051E-01   3.1625117442E-04  -1.5347669053E-04   9.9999993822E-01   3.5152511310E-04   5.8313667156E+00   0.0000000000E+00   8.4373040084E-02   1.3393077085E-02
  1.0785953177E+02   4.4032065314E-09   1.1698164689E-01  -5.2412664275E-05   2.1285092057E-04   9.9999997597E-01   2.1920903844E-04   1.8122341709E+00   0.0000000000E+00   8.4702849848E-02   1.3324030603E-02
  1.0849498328E+02   4.4726423239E-09   1.1549863261E-01  -1.6753466982E-05   3.1326757379E-04   9.9999995079E-01   3.1371524462E-04   1.6242251641E+00   0.0000000000E+00   8.5401385238E-02   1.3306584985E-02
  1.0913043478E+02   4.5448841874E-09   1.1434004421E-01  -1.0805748972E-05  -2.8917250578E-04   9.9999995813E-01   2.8937433420E-04   4.6750385290E+00   0.0000000000E+00   8.5583630424E-02   1.3164952952E-02
  1.0976588629E+02   4.6029413052E-09   1.1360126915E-01   1.4973082646E-04   2.8023551783E-04   9.9999994952E-01   3.1772829513E-04   1.0800839613E+00   0.0000000000E+00   8.5125187957E-02   1.2918114623E-02
  1.1040133779E+02   4.6657747974E-09   1.1264078429E-01  -2.0447135041E-05  -8.0672386854E-05   9.9999999654E-01   8.3223312129E-05   4.4641575337E+00   0.0000000000E+00   8.5108170921E-02   1.2619043986E-02
  1.1103678930E+02   4.7317800993E-09   1.1108050387E-01  -2.7172878166E-05   1.0471987221E-04   9.9999999415E-01   1.0818788060E-04   1.8246787326E+00   0.0000000000E+00   8.5932779939E-02   1.2415525811E-02
  1.1167224080E+02   4.7985481146E-09   1.1015871520E-01   2.9942167289E-05   3.4964677284E-04   9.9999993843E-01   3.5092649427E-04   1.4853692701E+00   0.0000000000E+00   8.6115603975E-02   1.2044332289E-02
  1.1230769231E+02   4.8565321340E-09   1.0927755480E-01   1.5142287711E-05  -9.9130610415E-05   9.9999999497E-01   1.0028044186E-04   4.8639681809E+00   0.0000000000E+00   8.6108123943E-02   1.1789294964E-02
  1.1294314381E+02   4.9047161960E-09   1.0849627841E-01  -1.4703595860E-04  -2.2589963556E-04   9.9999996367E-01   2.6953704930E-04   4.1353879049E+00   0.0000000000E+00   8.5950188057E-02   1.1390497548E-02
  1.1357859532E+02   4.9654267026E-09   1.0727256947E-01   1.4175092781E-04   2.6892873298E-06   9.9999998995E-01   1.4177643640E-04   1.8969644756E-02   0.0000000000E+00   8.6633705339E-02   1.1226597788E-02
  1.1421404682E+02   5.0002981692E-09   1.0640366064E-01   3.0592281246E-05   2.7522982783E-04   9.9999996166E-01   2.7692480541E-04   1.4600989473E+00   0.0000000000E+00   8.6784206343E-02   1.0906127367E-02
  1.1484949833E+02   5.0251338752E-09   1.0546990326E-01   1.0049527089E-04   1.3293885947E-04   9.9999998611E-01   1.6664945331E-04   9.2349741044E-01   0.0000000000E+00   8.7075492888E-02   1.0645371265E-02
  1.1548494983E+02   5.1054877244E-09   1.0492066519E-01   8.7877295466E-05  -2.0086694981E-04   9.9999997597E-01   2.1924860773E-04   5.1247910853E+00   0.0000000000E+00   8.6829434830E-02   1.0480259090E-02
  1.1612040134E+02   5.1378878711E-09   1.0365682968E-01  -2.2838649364E-04   1.2642330371E-04   9.9999996593E-01   2.6104260974E-04   2.6360281347E+00   0.0000000000E+00   8.7815458000E-02   1.0290955895E-02
  1.1675585284E+02   5.1691309041E-09   1.0322675827E-01   2.7137877581E-04  -2.7419956865E-04   9.9999992558E-01   3.8578731363E-04   5.4926169098E+00   0.0000000000E+00   8.7409725711E-02   1.0143085766E-02
  1.1739130435E+02   5.2249981689E-09   1.0259817192E-01   1.4244124328E-04  -1.0309132516E-05   9.9999998980E-01   1.4281381736E-04   6.2109366481E+00   0.0000000000E+00   8.7235022367E-02   1.0110400545E-02
  1.1802675585E+02   5.2434992046E-09   1.0172887925E-01  -2.6885269396E-04   3.8860061418E-04   9.9999988835E-01   4.7253806758E-04   2.1760304086E+00   0.0000000000E+00   8.7559740441E-02   1.0041231045E-02
  1.1866220736E+02   5.2716168170E-09   1.0076650523E-01   2.7580947893E-04  -1.1156435622E-05   9.9999996190E-01   2.7603502771E-04   6.2427575563E+00   0.0000000000E+00   8.8302600092E-02   1.0077088119E-02
  1.1929765886E+02   5.3323437851E-09   1.0024240871E-01  -8.1443412224E-05  -4.1170406769E-04   9.9999991193E-01   4.1968235514E-04   4.5170901850E+00   0.0000000000E+00   8.8154928232E-02   1.0078408770E-02
  1.1993311037E+02   5.3443435015E-09   9.9641639376E-02   2.2363177451E-04   4.2739145541E-04   9.9999988366E-01   4.8236360244E-04   1.0887236675E+00   0.0000000000E+00   8.8227583936E-02   1.0137607679E-02
  1.2056856187E+02   5.3967244919E-09   9.8878603081E-02  -2.3232205185E-04  -8.9250912171E-06   9.9999997297E-01   2.3249342869E-04   3.1799906632E+00   0.0000000000E+00   8.8556669391E-02   1.0238680565E-02
  1.2120401338E+02   5.3817588806E-09   9.8365526213E-02   2.9628816447E-05  -9.9344824944E-05   9.9999999463E-01   1.0366899880E-04   5.0022323102E+00   0.0000000000E+00   8.8602139445E-02   1.0392243877E-02
  1.2183946488E+02   5.4315482602E-09   9.7523818953E-02   1.0563603067E-04  -1.4375284139E-04   9.9999998409E-01   1.7839240727E-04   5.3461200095E+00   0.0000000000E+00   8.9308204125E-02   1.0567111332E-02
  1.2247491639E+02   5.4429375976E-09   9.7111294364E-02  -1.0798147388E-04   6.8445628374E-05   9.9999999183E-01   1.2784679451E-04   2.5766442112E+00   0.0000000000E+00   8.9018462602E-02   1.0819508542E-02
  1.2311036789E+02   5.4638220490E-09   9.6540750811E-02   1.8125975418E-04   3.6164696324E-04   9.9999991818E-01   4.0452890350E-04   1.1061841041E+00   0.0000000000E+00   8.9278468338E-02   1.0954806203E-02
  1.2374581940E+02   5.4638473694E-09   9.6170653295E-02  -1.5216845262E-05  -5.0638033410E-05   9.9999999860E-01   5.2874974753E-05   4.4204714284E+00   0.0000000000E+00   8.9033983150E-02   1.1130803302E-02
  1.2438127090E+02   5.4954363034E-09   9.5504547310E-02  -1.8094147803E-04  -2.3652232497E-04   9.9999995566E-01   2.9779629149E-04   4.0593517202E+00   0.0000000000E+00   8.9605497171E-02   1.1403078716E-02
  1.2501672241E+02   5.4801248505E-09   9.4944454856E-02   3.2112644743E-04   2.7100383201E-04   9.9999991172E-01   4.2019671887E-04   7.0095152203E-01   0.0000000000E+00   8.9864890454E-02   1.1642710436E-02
  1.2565217391E+02   5.5186372548E-09   9.4574809033E-02   5.6538327162E-05  -1.1259241578E-04   9.9999999206E-01   1.2599061422E-04   5.1777554331E+00   0.0000000000E+00   8.9865824648E-02   1.1859552150E-02
  1.2628762542E+02   5.5108003258E-09   9.4020624143E-02  -7.8379739103E-05   1.1520920057E-04   9.9999999029E-01   1.3934326027E-04   2.1681954244E+00   0.0000000000E+00   9.0093487322E-02   1.2207412934E-02
  1.2692307692E+02   5.5088138251E-09   9.3529215134E-02   9.9058479422E-05  -5.1928686392E-05   9.9999999375E-01   1.1184440452E-04   5.8003479847E+00   0.0000000000E+00   9.0433864606E-02   1.2390705293E-02
  1.2755852843E+02   5.5255493383E-09   9.3097754924E-02   2.4889817956E-04  -9.6431070452E-05   9.9999996438E-01   2.6692556438E-04   5.9135603135E+00   0.0000000000E+00   9.0474143481E-02   1.2733271532E-02
  1.2819397993E+02   5.5317151922E-09   9.2643395494E-02  -3.6099705057E-04   2.9410223060E-04   9.9999989159E-01   4.6563398559E-04   2.4579557890E+00   0.0000000000E+00   9.0731258310E-02   1.2970268534E-02
  1.2882943144E+02   5.5370911756E-09   9.2343732439E-02   1.2305747595E-04  -1.5866046472E-04   9.9999997984E-01   2.0078915918E-04   5.3720754444E+00   0.0000000000E+00   9.0606478387E-02   1.3278927321E-02
  1.2946488294E+02   5.5071567425E-09   9.1664226682E-02   1.3022923916E-04   9.1206229929E-05   9.9999998736E-01   1.5899129398E-04   6.1096176418E-01   0.0000000000E+00   9.1222120667E-02   1.3502112330E-02
  1.3010033445E+02   5.5335359135E-09   9.1634039229E-02  -3.8115691283E-04  -1.3902127950E-04   9.9999991770E-01   4.0571851995E-04   3.4913336730E+00   0.0000000000E+00   9.0822439638E-02   1.3819054355E-02
  1.3073578595E+02   5.5274737222E-09   9.0934883742E-02   2.6772653955E-04   6.4221791127E-05   9.9999996210E-01   2.7532152211E-04   2.3542991965E-01   0.0000000000E+00   9.1512204941E-02   1.4081888119E-02
  1.3137123746E+02   5.5140348167E-09   9.0634810324E-02   2.3627191918E-04   9.5869212531E-06   9.9999997204E-01   2.3646634067E-04   4.0553550293E-02   0.0000000000E+00   9.1506066168E-02   1.4348162326E-02
  1.3200668896E+02   5.5178012222E-09   9.0328032048E-02  -2.4911189237E-04  -1.8550095108E-05   9.9999996880E-01   2.4980160647E-04   3.2159203850E+00   0.0000000000E+00   9.1499967963E-02   1.4667880680E-02
  1.3264214047E+02   5.5228060992E-09   8.9899469081E-02   1.5372861238E-04  -1.0364328318E-04   9.9999998281E-01   1.8540338925E-04   5.6899878841E+00   0.0000000000E+00   9.1852507871E-02   1.4961116641E-02
  1.3327759197E+02   5.5007022988E-09   8.9583946950E-02   1.7183850594E-04   2.7895595364E-04   9.9999994633E-01   3.2763531579E-04   1.0186908570E+00   0.0000000000E+00   9.2044660384E-02   1.5256231337E-02
  1.3391304348E+02   5.4716543184E-09   8.9173144254E-02  -2.7926478697E-04  -1.7222958469E-04   9.9999994617E-01   3.2810342163E-04   3.6942192880E+00   0.0000000000E+00   9.2313801810E-02   1.5531931139E-02
  1.3454849498E+02   5.4627055010E-09   8.9106854490E-02   3.8558487384E-04   3.4054626204E-05   9.9999992508E-01   3.8708580466E-04   8.8090832906E-02   0.0000000000E+00   9.1928446637E-02   1.5791100612E-02
  1.3518394649E+02   5.4812149290E-09   8.8583546990E-02  -2.6644125812E-04  -1.5926795872E-04   9.9999995182E-01   3.1041460997E-04   3.6803635565E+00   0.0000000000E+00   9.2626480888E-02   1.6124176444E-02
  1.3581939799E+02   5.4586129447E-09   8.8024492323E-02   2.5330036148E-05   7.4566081352E-05   9.9999999690E-01   7.8750945200E-05   1.2433274999E+00   0.0000000000E+00   9.3256076407E-02   1.6434046473E-02
  1.3645484950E+02   5.4212164516E-09   8.8312929876E-02  -8.8775162828E-05   1.5900646196E-04   9.9999998342E-01   1.8211009067E-04   2.0799984518E+00   0.0000000000E+00   9.2267362310E-02   1.6719809522E-02
  1.3709030100E+02   5.4278768590E-09   8.7653129872E-02   1.8943320702E-04  -4.5147433780E-05   9.9999998104E-01   1.9473888046E-04   6.0492208821E+00   0.0000000000E+00   9.2988252602E-02   1.7026193404E-02
  1.3772575251E+02   5.4142900252E-09   8.7259916190E-02  -6.0995782163E-05  -2.4848594907E-04   9.9999996727E-01   2.5586276412E-04   4.4716786120E+00   0.0000000000E+00   9.3326768454E-02   1.7273790321E-02
  1.3836120401E+02   5.3820925589E-09   8.7217663115E-02  -3.2867375184E-05   3.8749234620E-04   9.9999992438E-01   3.8888377464E-04   1.6554144928E+00   0.0000000000E+00   9.3263731681E-02   1.7615764837E-02
  1.3899665552E+02   5.3697852706E-09   8.6792626514E-02   2.7417003558E-04  -8.5704059709E-05   9.9999995874E-01   2.8725319241E-04   5.9802143004E+00   0.0000000000E+00   9.3532662986E-02   1.7821035757E-02
  1.3963210702E+02   5.3830158517E-09   8.6655813558E-02  -5.3237871848E-04  -3.8398675924E-05   9.9999985755E-01   5.3376173147E-04   3.2135945860E+00   0.0000000000E+00   9.3549423297E-02   1.8182542112E-02
  1.4026755853E+02   5.3284975318E-09   8.6162712308E-02   4.5920423929E-04  -5.8699017650E-05   9.9999989284E-01   4.6294073421E-04   6.1560471003E+00   0.0000000000E+00   9.4052196204E-02   1.8429504113E-02
  1.4090301003E+02   5.3352625481E-09   8.6144508522E-02  -4.5039606053E-04  -1.4700045337E-05   9.9999989846E-01   4.5063590264E-04   3.1742191134E+00   0.0000000000E+00   9.3709379388E-02   1.8757890687E-02
  1.4153846154E+02   5.2815808691E-09   8.5774150438E-02   2.9118857819E-04  -2.7143611526E-05   9.9999995724E-01   2.9245096431E-04   6.1902372971E+00   0.0000000000E+00   9.4222673160E-02   1.9002827886E-02
  1.4217391304E+02   5.2773967599E-09   8.5517607009E-02   1.3511107243E-04   1.3899968329E-04   9.9999998121E-01   1.9384507917E-04   7.9958348795E-01   0.0000000000E+00   9.4483669909E-02   1.9369047668E-02
  1.4280936455E+02   5.2594386804E-09   8.5390587046E-02  -9.2282359969E-05  -4.9151819813E-05   9.9999999453E-01   1.0455589802E-04   3.6309977379E+00   0.0000000000E+00   9.4285849683E-02   1.9704470159E-02
  1.4344481605E+02   5.2331277884E-09   8.5195263121E-02  -1.8418805850E-04   7.2706004855E-05   9.9999998039E-01   1.9801869840E-04   2.7656307965E+00   0.0000000000E+00   9.4429239512E-02   1.9923871367E-02
  1.4408026756E+02   5.2379478654E-09   8.4773169919E-02  -2.1347517388E-04   3.7499123340E-05   9.9999997651E-01   2.1674370791E-04   2.9677063333E+00   0.0000000000E+00   9.5122727727E-02   2.0260879049E-02
  1.4471571906E+02   5.1889873502E-09   8.4531989537E-02   4.0514115623E-04  -9.6534434933E-05   9.9999991327E-01   4.1648320979E-04   6.0492733560E+00   0.0000000000E+00   9.5108772754E-02   2.0560731379E-02
  1.4535117057E+02   5.1708251757E-09   8.4657144001E-02  -1.6791863666E-04   4.3455669401E-04   9.9999989148E-01   4.6587144679E-04   1.9395357430E+00   0.0000000000E+00   9.4609315699E-02   2.0850599141E-02
  1.4598662207E+02   5.1381524429E-09   8.4060047254E-02  -1.9385862910E-04  -5.0026841354E-04   9.9999985608E-01   5.3651624528E-04   4.3426966643E+00   0.0000000000E+00   9.5663468658E-02   2.1077209412E-02
  1.4662207358E+02   5.1184462882E-09   8.4026277584E-02   6.9363215379E-05  -8.8848447034E-05   9.9999999365E-01   1.1271779876E-04   5.3752449765E+00   0.0000000000E+00   9.5392777810E-02   2.1410767816E-02
  1.4725752508E+02   5.1026095064E-09   8.3914023259E-02  -7.4414898539E-05   6.7352041885E-05   9.9999999496E-01   1.0036869238E-04   2.4059735280E+00   0.0000000000E+00   9.5404009973E-02   2.1851339569E-02
  1.4789297659E+02   5.0844955513E-09   8.3495983439E-02   8.8761497773E-05   1.5547882612E-04   9.9999998397E-01   1.7903147654E-04   1.0520553816E+00   0.0000000000E+00   9.5906715467E-02   2.1960827604E-02
  1.4852842809E+02   5.0380807175E-09   8.3466750491E-02  -2.8785404199E-05   1.2193304173E-04   9.9999999215E-01   1.2528474181E-04   1.8026272599E+00   0.0000000000E+00   9.5881935170E-02   2.2320830219E-02
  1.4916387960E+02   5.0311001955E-09   8.3100611788E-02  -2.2667299570E-04  -1.5353445059E-04   9.9999996252E-01   2.7377632619E-04   3.7369474187E+00   0.0000000000E+00   9.6417345494E-02   2.2663489050E-02
  1.4979933110E+02   5.0081280079E-09   8.3157081851E-02   4.6471258776E-04   1.8496322500E-04   9.9999987492E-01   5.0016917639E-04   3.7879519680E-01   0.0000000000E+00   9.6025411572E-02   2.2947293463E-02
  1.5043478261E+02   4.9606260549E-09   8.2900727852E-02  -3.3651274941E-04  -3.6446358943E-04   9.9999987696E-01   4.9605902785E-04   3.9668438607E+00   0.0000000000E+00   9.6182121398E-02   2.3262727786E-02
  1.5107023411E+02   4.9469718896E-09   8.2644184374E-02  -4.5324706146E-05   2.8696507959E-04   9.9999995780E-01   2.9052244063E-04   1.7274472665E+00   0.0000000000E+00   9.6663856802E-02   2.3584449942E-02
  1.5170568562E+02   4.9345465074E-09   8.2510550963E-02   3.4136131634E-05  -9.4021369107E-05   9.9999999500E-01   1.0002646284E-04   5.0606577303E+00   0.0000000000E+00   9.6739537613E-02   2.3925355785E-02
  1.5234113712E+02   4.8738891010E-09   8.2470290529E-02  -1.1135282996E-04   2.3538675168E-04   9.9999996610E-01   2.6039657663E-04   2.0126632918E+00   0.0000000000E+00   9.6613481089E-02   2.4258806738E-02
  1.5297658863E+02   4.8727991133E-09   8.2328663746E-02  -2.7602365795E-04  -1.6193132840E-04   9.9999994879E-01   3.2001690377E-04   3.6721436652E+00   0.0000000000E+00   9.6701945579E-02   2.4646550381E-02
  1.5361204013E+02   4.8122875600E-09   8.1884734253E-02   4.2340479428E-04  -5.1234043775E-05   9.9999990905E-01   4.2649332718E-04   6.1627658900E+00   0.0000000000E+00   9.7569867824E-02   2.4956797254E-02
  1.5424749164E+02   4.8266830041E-09   8.2043258232E-02   5.8991684609E-05   1.7257739820E-04   9.9999998337E-01   1.8238140749E-04   1.2414206843E+00   0.0000000000E+00   9.7204060256E-02   2.5322425079E-02
  1.5488294314E+02   4.7584887477E-09   8.1687346920E-02  -2.3296554607E-04  -2.9512886777E-04   9.9999992931E-01   3.7599734212E-04   4.0441641238E+00   0.0000000000E+00   9.7771776557E-02   2.5625791383E-02
  1.5551839465E+02   4.7459302721E-09   8.1623948922E-02   2.4338577658E-04   2.9846607143E-04   9.9999992584E-01   3.8512159073E-04   8.8670213716E-01   0.0000000000E+00   9.7631709348E-02   2.5946638594E-02
  1.5615384615E+02   4.7141065694E-09   8.1641495430E-02  -5.8671052339E-04   2.4959835793E-04   9.9999979674E-01   6.3759598030E-04   2.7393663637E+00   0.0000000000E+00   9.7425841335E-02   2.6361917888E-02
  1.5678929766E+02   4.6929640413E-09   8.1338324363E-02   4.3090380655E-04  -5.3467354047E-04   9.9999976422E-01   6.8669786643E-04   5.3907289365E+00   0.0000000000E+00   9.8102914096E-02   2.6570828886E-02
  1.5742474916E+02   4.6421613244E-09   8.1199160359E-02   9.1842912257E-05   2.5828894051E-04   9.9999996243E-01   2.7413190225E-04   1.2291573110E+00   0.0000000000E+00   9.8202343526E-02   2.6951014721E-02
  1.5806020067E+02   4.6451279499E-09   8.1093796292E-02  -4.3648982741E-04  -4.2274615484E-05   9.9999990384E-01   4.3853223995E-04   3.2381428380E+00   0.0000000000E+00   9.8423961670E-02   2.7310702948E-02
  1.5869565217E+02   4.5890052338E-09   8.1041415558E-02   2.9179454756E-04   2.7113555985E-06   9.9999995742E-01   2.9180714802E-04   9.2917348569E-03   0.0000000000E+00   9.8252751061E-02   2.7712043917E-02
  1.5933110368E+02   4.5466524080E-09   8.1122851986E-02   4.8506017100E-05   1.0270303478E-05   9.9999999877E-01   4.9581376414E-05   2.0865100191E-01   0.0000000000E+00   9.8080367260E-02   2.8155226099E-02
  1.5996655518E+02   4.5357543527E-09   8.0597148078E-02  -3.9792509232E-04   1.7741578455E-05   9.9999992067E-01   3.9832041252E-04   3.0970369395E+00   0.0000000000E+00   9.9176138016E-02   2.8433445324E-02
  1.6060200669E+02   4.4979241150E-09   8.0704452844E-02   2.6564824945E-04  -1.2175714542E-04   9.9999995730E-01   2.9222217152E-04   5.8534177466E+00   0.0000000000E+00   9.8877402482E-02   2.8894642540E-02
  1.6123745819E+02   4.4679646861E-09   8.0650903033E-02   5.1271509911E-05  -2.8253274292E-04   9.9999995877E-01   2.8714721180E-04   4.8919064237E+00   0.0000000000E+00   9.8917167082E-02   2.9342646579E-02
  1.6187290970E+02   4.4223423703E-09   8.0394506128E-02   1.0971175391E-04  -3.1678214558E-05   9.9999999348E-01   1.1419360002E-04   6.0020901714E+00   0.0000000000E+00   9.9532870541E-02   2.9742790303E-02
  1.6250836120E+02   4.3964961001E-09   8.0630703569E-02  -1.8556764174E-04   3.4037052899E-04   9.9999992486E-01   3.8766925899E-04   2.0699414801E+00   0.0000000000E+00   9.8630542842E-02   3.0211342788E-02
  1.6314381271E+02   4.3527741049E-09   8.0288084248E-02  -2.3825310990E-04  -1.6919518632E-04   9.9999995730E-01   2.9221834072E-04   3.7590975412E+00   0.0000000000E+00   9.9415168504E-02   3.0691786160E-02
  1.6377926421E+02   4.3362297429E-09   8.0156721354E-02   3.2339487476E-04   1.7956371318E-04   9.9999993159E-01   3.6990185048E-04   5.0686193217E-01   0.0000000000E+00   9.9907394872E-02   3.1022986882E-02
  1.6441471572E+02   4.2973059083E-09   8.0147009034E-02  -1.4988809125E-04  -5.9821508448E-05   9.9999998698E-01   1.6138479879E-04   3.5213296683E+00   0.0000000000E+00   9.9731054783E-02   3.1430671764E-02
  1.6505016722E+02   4.2697214270E-09   8.0099428112E-02  -3.8060903177E-05  -7.9787782916E-05   9.9999999609E-01   8.8400921228E-05   4.2672883340E+00   0.0000000000E+00   9.9787861425E-02   3.1893736483E-02
  1.6568561873E+02   4.2312378645E-09   8.0133174640E-02   8.8461337931E-05   1.4798945433E-04   9.9999998514E-01   1.7241313032E-04   1.0320296865E+00   0.0000000000E+00   9.9857265108E-02   3.2332859145E-02
  1.6632107023E+02   4.2140553950E-09   7.9738252910E-02  -2.1664162314E-04  -1.4326923521E-04   9.9999996627E-01   2.5972999101E-04   3.7258839269E+00   0.0000000000E+00   1.0069065297E-01   3.2710061920E-02
  1.6695652174E+02   4.1444610108E-09   7.9987401293E-02   6.2409085332E-05  -1.6719405600E-05   9.9999999791E-01   6.4609848931E-05   6.0214316431E+00   0.0000000000E+00   1.0013667687E-01   3.3283387290E-02
  1.6759197324E+02   4.1124943703E-09   7.9941506594E-02   7.2135962669E-05  -3.1986978801E-06   9.9999999739E-01   7.2206848196E-05   6.2388717120E+00   0.0000000000E+00   1.0005016310E-01   3.3722765925E-02
  1.6822742475E+02   4.1304584492E-09   7.9693821446E-02   1.9981196194E-06  -6.8371030003E-05   9.9999999766E-01   6.8400222264E-05   4.7416053175E+00   0.0000000000E+00   1.0087752692E-01   3.4230238462E-02
  1.6886287625E+02   4.0525088437E-09   7.9528978469E-02   3.9423840681E-05   1.7099144271E-04   9.9999998460E-01   1.7547738601E-04   1.3441958416E+00   0.0000000000E+00   1.0125328642E-01   3.4600095429E-02
  1.6949832776E+02   4.0212464632E-09   7.9917543346E-02  -7.8866007726E-06   8.2012874630E-05   9.9999999661E-01   8.2391203184E-05   1.6666645041E+00   0.0000000000E+00   1.0042898875E-01   3.5170198304E-02
  1.7013377926E+02   3.9891135133E-09   7.9523999347E-02  -3.8580889632E-04   4.6075952254E-05   9.9999992451E-01   3.8855051849E-04   3.0227287513E+00   0.0000000000E+00   1.0124423298E-01   3.5540363687E-02
  1.7076923077E+02   3.9483097722E-09   7.9668271353E-02  -3.7103745225E-05  -3.2852819610E-04   9.9999994535E-01   3.3061679911E-04   4.5999262274E+00   0.0000000000E+00   1.0131149744E-01   3.6096650476E-02
  1.7140468227E+02   3.9124114129E-09   7.9472163611E-02   3.1974798407E-04   7.6928089852E-05   9.9999994592E-01   3.2887187290E-04   2.3610254333E-01   0.0000000000E+00   1.0165768250E-01   3.6576746778E-02
  1.7204013378E+02   3.8859499152E-09   7.9658404026E-02  -4.4329336590E-04  -1.6566068018E-04   9.9999988802E-01   4.7323618400E-04   3.4992269696E+00   0.0000000000E+00   1.0126953771E-01   3.7083575917E-02
  1.7267558528E+02   3.8334660494E-09   7.9438870484E-02   4.7048019531E-04   3.4789592707E-04   9.9999982881E-01   5.8513522311E-04   6.3671394901E-01   0.0000000000E+00   1.0187759507E-01   3.7676605898E-02
  1.7331103679E+02   3.8120402597E-09   7.9649174040E-02  -1.6447411044E-04   1.7193152768E-04   9.9999997169E-01   2.3793315188E-04   2.3340301886E+00   0.0000000000E+00   1.0135021280E-01   3.8147885345E-02
  1.7394648829E+02   3.7640974966E-09   7.9564048118E-02  -2.8614773238E-05  -1.9473766663E-04   9.9999998063E-01   1.9682877069E-04   4.5664929298E+00   0.0000000000E+00   1.0173244088E-01   3.8793546829E-02
  1.7458193980E+02   3.7339344364E-09   7.9268003769E-02   2.7950491413E-04   1.8502259432E-04   9.9999994382E-01   3.3519600525E-04   5.8474084447E-01   0.0000000000E+00   1.0259414840E-01   3.9293514520E-02
  1.7521739130E+02   3.7166405437E-09   7.9606325185E-02  -1.2976328412E-04  -3.8777871064E-04   9.9999991639E-01   4.0891423028E-04   4.3894698066E+00   0.0000000000E+00   1.0188870584E-01   3.9810058418E-02
  1.7585284281E+02   3.6353800759E-09   7.9694739238E-02  -1.3007446000E-04   6.0495288291E-04   9.9999980856E-01   6.1877896288E-04   1.7825876391E+00   0.0000000000E+00   1.0187688379E-01   4.0318276501E-02
  1.7648829431E+02   3.6348500685E-09   7.9132799251E-02   2.5147812536E-04  -4.3012348995E-04   9.9999987588E-01   4.9824440314E-04   5.2414563850E+00   0.0000000000E+00   1.0356371810E-01   4.0873076890E-02
  1.7712374582E+02   3.5915845803E-09   7.9542295190E-02  -3.2631127701E-04   2.5288855657E-04   9.9999991478E-01   4.1283372180E-04   2.4822877224E+00   0.0000000000E+00   1.0253572994E-01   4.1516460335E-02
  1.7775919732E+02   3.5429220423E-09   7.9617082636E-02   1.5147338240E-04  -4.2299265565E-04   9.9999989907E-01   4.4929610067E-04   5.0562609295E+00   0.0000000000E+00   1.0233392982E-01   4.2086341853E-02
  1.7839464883E+02   3.5032405587E-09   7.9749356128E-02   1.7943765154E-07   3.6017966463E-04   9.9999993514E-01   3.6017971771E-04   1.5702981375E+00   0.0000000000E+00   1.0243015469E-01   4.2668972298E-02
  1.7903010033E+02   3.4917504280E-09   7.9162209237E-02  -2.4513087177E-04  -5.5702228051E-04   9.9999981482E-01   6.0857457347E-04   4.2978203378E+00   0.0000000000E+00   1.0409464259E-01   4.3188438361E-02
  1.7966555184E+02   3.4195966085E-09   7.9590209698E-02   3.2792968694E-04  -5.9331981699E-06   9.9999994621E-01   3.2798336283E-04   6.2650943837E+00   0.0000000000E+00   1.0334566607E-01   4.3814465830E-02
  1.8030100334E+02   3.4073362399E-09   7.9590873408E-02  -4.9152077650E-04   4.3841335900E-04   9.9999978310E-01   6.5863420042E-04   2.4132413208E+00   0.0000000000E+00   1.0343026866E-01   4.4408534441E-02
  1.8093645485E+02   3.3654700236E-09   7.9729623327E-02   4.6684684970E-04   1.0600294536E-04   9.9999988541E-01   4.7873021971E-04   2.2327573809E-01   0.0000000000E+00   1.0317628431E-01   4.5118148292E-02
  1.8157190635E+02   3.3241037571E-09   7.9678481221E-02   2.9985708491E-04  -6.9106495013E-04   9.9999971626E-01   7.5331609859E-04   5.1217786669E+00   0.0000000000E+00   1.0369722894E-01   4.5590939418E-02
  1.8220735786E+02   3.2711702206E-09   7.9483856108E-02  -5.6495393270E-04   6.2950155331E-04   9.9999964228E-01   8.4584001016E-04   2.3022076322E+00   0.0000000000E+00   1.0452534466E-01   4.6217023461E-02
  1.8284280936E+02   3.2624727291E-09   7.9779568445E-02   2.6798509153E-04  -5.0076527274E-04   9.9999983871E-01   5.6796294116E-04   5.2037604623E+00   0.0000000000E+00   1.0385761467E-01   4.6986189489E-02
  1.8347826087E+02   3.2112454770E-09   7.9841526201E-02  -1.9970853971E-04   1.1386139474E-04   9.9999997358E-01   2.2988675243E-04   2.6234200960E+00   0.0000000000E+00   1.0396270028E-01   4.7588401365E-02
  1.8411371237E+02   3.1761859396E-09   7.9870062919E-02   2.7533537945E-04  -1.4617555523E-04   9.9999995141E-01   3.1173204485E-04   5.7951243519E+00   0.0000000000E+00   1.0412197984E-01   4.8292871607E-02
  1.8474916388E+02   3.1404524994E-09   7.9784972521E-02  -2.2093837754E-04  -2.5693150490E-04   9.9999994259E-01   3.3886216912E-04   4.0021688002E+00   0.0000000000E+00   1.0461166457E-01   4.8845616756E-02
  1.8538461538E+02   3.0949326541E-09   8.0118428457E-02  -1.5388715849E-04   6.5445825093E-04   9.9999977400E-01   6.7230716759E-04   1.8017378364E+00   0.0000000000E+00   1.0420576468E-01   4.9658668068E-02
  1.8602006689E+02   3.0759788347E-09   8.0073901196E-02   2.0379579359E-04  -3.1281261295E-04   9.9999993031E-01   3.7334228655E-04   5.2898143158E+00   0.0000000000E+00   1.0460119967E-01   5.0179569282E-02
  1.8665551839E+02   3.0105590873E-09   8.0112228394E-02  -1.3272220987E-04  -1.5902561625E-04   9.9999997855E-01   2.0713361071E-04   4.0169057395E+00   0.0000000000E+00   1.0481733233E-01   5.1000064240E-02
  1.8729096990E+02   3.0066633170E-09   8.0075366445E-02  -1.7466070309E-04  -3.8785889569E-04   9.9999990953E-01   4.2537147935E-04   4.2892687913E+00   0.0000000000E+00   1.0505088419E-01   5.1644576095E-02
  1.8792642140E+02   2.9471181099E-09   8.0364970023E-02  -1.3975983691E-04  -1.3296499666E-04   9.9999998139E-01   1.9290542552E-04   3.9020813332E+00   0.0000000000E+00   1.0479799713E-01   5.2323848436E-02
  1.8856187291E+02   2.9266266682E-09   8.0342702346E-02   2.0209226020E-04   3.1739931802E-04   9.9999992921E-01   3.7627598331E-04   1.0038185103E+00   0.0000000000E+00   1.0543067441E-01   5.2942845525E-02
  1.8919732441E+02   2.8704309605E-09   8.0340068360E-02  -2.8637756760E-05  -1.6005335495E-04   9.9999998678E-01   1.6259519687E-04   4.5353362273E+00   0.0000000000E+00   1.0577085022E-01   5.3662365623E-02
  1.8983277592E+02   2.8386569885E-09   8.0521608275E-02   1.0610570705E-04  -2.3558923355E-04   9.9999996662E-01   2.5838093927E-04   5.1355624978E+00   0.0000000000E+00   1.0558180470E-01   5.4424715164E-02
  1.9046822742E+02   2.8094619713E-09   8.0603983007E-02  -2.9162684303E-04   3.5461364299E-04   9.9999989460E-01   4.5912641633E-04   2.2590348752E+00   0.0000000000E+00   1.0581343729E-01   5.5179601415E-02
  1.9110367893E+02   2.7655203221E-09   8.0907820494E-02   6.3983014821E-05  -5.9716223025E-04   9.9999981965E-01   6.0058021862E-04   4.8191268836E+00   0.0000000000E+00   1.0549441711E-01   5.5900756906E-02
  1.9173913043E+02   2.7215760242E-09   8.0838052054E-02  -1.8448166659E-04   3.4441501740E-04   9.9999992367E-01   3.9071114363E-04   2.0625459906E+00   0.0000000000E+00   1.0587053622E-01   5.6661786616E-02
  1.9237458194E+02   2.6922758973E-09   8.1089183447E-02   5.7690834134E-05  -3.2227161588E-04   9.9999994641E-01   3.2739461043E-04   4.8895258058E+00   0.0000000000E+00   1.0589639038E-01   5.7430211088E-02
  1.9301003344E+02   2.6729984060E-09   8.1008059049E-02   3.8862655025E-04   5.8947656112E-04   9.9999975074E-01   7.0605473933E-04   9.8792922427E-01   0.0000000000E+00   1.0661462070E-01   5.8157764178E-02
  1.9364548495E+02   2.6024350812E-09   8.1327293530E-02  -2.9527954798E-04  -4.4088400502E-04   9.9999985922E-01   5.3063051556E-04   4.1222587351E+00   0.0000000000E+00   1.0624219193E-01   5.8907698082E-02
  1.9428093645E+02   2.5956634400E-09   8.1267242202E-02   2.2563160097E-05  -4.2918068744E-04   9.9999990765E-01   4.2977339430E-04   4.7649132618E+00   0.0000000000E+00   1.0663495379E-01   5.9611258766E-02
  1.9491638796E+02   2.5350640338E-09   8.1501461435E-02   5.7780758673E-05   1.7888231410E-04   9.9999998233E-01   1.8798270998E-04   1.2583654553E+00   0.0000000000E+00   1.0667247243E-01   6.0382038772E-02
  1.9555183946E+02   2.5077105704E-09   8.1629065776E-02  -3.0485842858E-05   9.5942173943E-06   9.9999999949E-01   3.1959906177E-05   2.8366951422E+00   0.0000000000E+00   1.0679221096E-01   6.1140175335E-02
  1.9618729097E+02   2.4899175723E-09   8.1955138192E-02  -2.1041919164E-04   6.3654141205E-06   9.9999997784E-01   2.1051545150E-04   3.1113507664E+00   0.0000000000E+00   1.0643842269E-01   6.1990451743E-02
  1.9682274247E+02   2.4285286224E-09   8.1971611666E-02   3.1035393468E-04   1.5692045381E-04   9.9999993953E-01   3.4776946214E-04   4.6813169152E-01   0.0000000000E+00   1.0700368409E-01   6.2706067396E-02
  1.9745819398E+02   2.4065386591E-09   8.1969842874E-02  -1.6368733428E-04  -2.9948118652E-04   9.9999994176E-01   3.4129536944E-04   4.2121832319E+00   0.0000000000E+00   1.0745852934E-01   6.3464668007E-02
  1.9809364548E+02   2.3832673829E-09   8.2362962162E-02   1.1318649633E-04   5.1638254028E-06   9.9999999358E-01   1.1330422822E-04   4.5590661337E-02   0.0000000000E+00   1.0703966500E-01   6.4507446027E-02
  1.9872909699E+02   2.3124108121E-09   8.2545528611E-02  -2.7226492119E-04   3.8522168360E-04   9.9999988874E-01   4.7172444294E-04   2.1860545810E+00   0.0000000000E+00   1.0711541212E-01   6.5088785286E-02
  1.9936454849E+02   2.3068304821E-09   8.2480428100E-02  -2.9688890927E-04  -4.7603642240E-04   9.9999984262E-01   5.6102917294E-04   4.1547477397E+00   0.0000000000E+00   1.0799489425E-01   6.5892796673E-02
  2.0000000000E+02   2.2614625326E-09   8.2870061450E-02   2.4038401840E-04   1.7506634790E-04   9.9999995578E-01   2.9737636951E-04   6.2945335449E-01   0.0000000000E+00   1.0756176947E-01   6.6703853953E-02
