# Analysis data at t =   6.401000000000E+05
# [01      radius]   [02       sigma]   [03       <h>/H]   [04          lx]   [05          ly]   [06          lz]   [07        tilt]   [08       twist]   [09         psi]   [10         H/R]   [11         |e|]
  1.0000000000E+01   1.6154645553E-10   5.5513624220E+00   6.9489490154E-04  -1.6121569346E-03   9.9999845903E-01   1.7555432413E-03   5.1193595937E+00   0.0000000000E+00   1.9812407533E-02   3.0373268057E-01
  1.0635451505E+01   3.3204802391E-10   2.3806055430E+00   2.1776040621E-04   6.4576023419E-04   9.9999976779E-01   6.8148803863E-04   1.2455558372E+00   0.0000000000E+00   3.4445893416E-02   2.5051723043E-01
  1.1270903010E+01   6.0498818727E-10   1.6744027615E+00  -8.2826007111E-05  -5.1823954758E-04   9.9999986228E-01   5.2481654053E-04   4.5539074190E+00   0.0000000000E+00   3.9312008869E-02   2.0527998587E-01
  1.1906354515E+01   9.5292146858E-10   1.3586888463E+00  -9.6088653766E-04  -3.9817828499E-04   9.9999945908E-01   1.0401198371E-03   3.5344392274E+00   0.0000000000E+00   4.0656776442E-02   1.6539855003E-01
  1.2541806020E+01   1.2805749961E-09   1.1777053808E+00   5.5339145049E-05   3.7099943652E-05   9.9999999778E-01   6.6624519820E-05   5.9059000842E-01   0.0000000000E+00   4.1172459509E-02   1.2850435980E-01
  1.3177257525E+01   1.5438404140E-09   1.0730927686E+00   3.6801810085E-04  -9.5957955869E-05   9.9999992768E-01   3.8032257239E-04   6.0281218989E+00   0.0000000000E+00   4.1201772147E-02   9.6207062382E-02
  1.3812709030E+01   1.6441688652E-09   1.0064888468E+00  -7.9477752437E-04  -5.3218233235E-04   9.9999954256E-01   9.5649862919E-04   3.7316226716E+00   0.0000000000E+00   4.1256677608E-02   6.9471615556E-02
  1.4448160535E+01   1.7356721286E-09   9.4914373010E-01   2.3602813582E-04  -2.1265953577E-04   9.9999994953E-01   3.1770011483E-04   5.5498222372E+00   0.0000000000E+00   4.1951984483E-02   4.8047400501E-02
  1.5083612040E+01   1.7472349160E-09   9.1551963959E-01   2.5376782990E-04   2.6239073793E-04   9.9999993338E-01   3.6503015920E-04   8.0210253781E-01   0.0000000000E+00   4.1988050191E-02   3.1702327415E-02
  1.5719063545E+01   1.7757880218E-09   8.8518643943E-01  -3.1211902186E-04  -2.0604730426E-04   9.9999993006E-01   3.7399703470E-04   3.7250744504E+00   0.0000000000E+00   4.2159149031E-02   2.0368201642E-02
  1.6354515050E+01   1.8090137578E-09   8.4938989914E-01   3.7519020716E-04  -2.9915033327E-04   9.9999988487E-01   4.7985271806E-04   5.6100746571E+00   0.0000000000E+00   4.2867752899E-02   1.4308427835E-02
  1.6989966555E+01   1.8110079461E-09   8.1724029945E-01  -6.4517162800E-04  -2.4031214223E-04   9.9999976300E-01   6.8847398689E-04   3.4981502943E+00   0.0000000000E+00   4.3504172218E-02   1.2222856119E-02
  1.7625418060E+01   1.8331077876E-09   7.8484556616E-01  -2.1478736405E-05   2.0730104951E-04   9.9999997828E-01   2.0841080142E-04   1.6740392553E+00   0.0000000000E+00   4.4287311103E-02   1.1973369539E-02
  1.8260869565E+01   1.8783577074E-09   7.6215328637E-01  -3.7788266013E-04  -4.2505985624E-04   9.9999983826E-01   5.6874530433E-04   3.9856787293E+00   0.0000000000E+00   4.4314512433E-02   1.1908336178E-02
  1.8896321070E+01   1.9116175419E-09   7.2603501098E-01   1.4078777798E-04  -2.6877422580E-04   9.9999995397E-01   3.0341520348E-04   5.1949060088E+00   0.0000000000E+00   4.5448180331E-02   1.1752594879E-02
  1.9531772575E+01   1.9715653854E-09   6.9747216366E-01   7.7916693959E-04  -1.7654376641E-04   9.9999968087E-01   7.9891736556E-04   6.0603673599E+00   0.0000000000E+00   4.5995116506E-02   1.1964341053E-02
  2.0167224080E+01   2.0417069560E-09   6.7613272760E-01  -4.7443258847E-04  -6.2465932819E-05   9.9999988551E-01   4.7852721069E-04   3.2725041522E+00   0.0000000000E+00   4.6023022844E-02   1.2080975488E-02
  2.0802675585E+01   2.0551903107E-09   6.4790921795E-01  -3.4631143664E-04  -2.3123468296E-04   9.9999991330E-01   4.1641457706E-04   3.7303153669E+00   0.0000000000E+00   4.6922450427E-02   1.2035814686E-02
  2.1438127090E+01   2.1677631854E-09   6.2392821559E-01   2.9178583359E-04   1.2176754851E-04   9.9999995002E-01   3.1617449587E-04   3.9534617208E-01   0.0000000000E+00   4.7544113116E-02   1.2002233209E-02
  2.2073578595E+01   2.2364108783E-09   6.0913521938E-01  -1.6317496290E-04  -2.6404016155E-04   9.9999995183E-01   3.1039213749E-04   4.1588443055E+00   0.0000000000E+00   4.7297098983E-02   1.2343347256E-02
  2.2709030100E+01   2.2871546547E-09   5.7749906448E-01   5.2748947938E-04   3.7266198211E-04   9.9999979144E-01   6.4584995333E-04   6.1506326720E-01   0.0000000000E+00   4.9043597850E-02   1.2721242094E-02
  2.3344481605E+01   2.3439871836E-09   5.6616685732E-01  -1.9168119580E-04  -8.2936240489E-05   9.9999997819E-01   2.0885425998E-04   3.5499486379E+00   0.0000000000E+00   4.8378234763E-02   1.3031868976E-02
  2.3979933110E+01   2.4408914383E-09   5.4415460426E-01   8.3732573935E-05  -3.0846550277E-05   9.9999999602E-01   8.9233702449E-05   5.9302190290E+00   0.0000000000E+00   4.9293579740E-02   1.2804095158E-02
  2.4615384615E+01   2.5022677179E-09   5.2747947362E-01  -4.7285918720E-04   6.1600357592E-05   9.9999988630E-01   4.7685472854E-04   3.0120500845E+00   0.0000000000E+00   4.9567366967E-02   1.2535381358E-02
  2.5250836120E+01   2.6133728135E-09   5.0685090612E-01  -1.5557484500E-04   1.0173613202E-04   9.9999998272E-01   1.8588645324E-04   2.5624548168E+00   0.0000000000E+00   5.0231256345E-02   1.2303066009E-02
  2.5886287625E+01   2.7872345527E-09   4.8990859982E-01  -4.2174306496E-04  -5.0519709608E-05   9.9999990979E-01   4.2475812526E-04   3.2608124701E+00   0.0000000000E+00   5.0364861168E-02   1.1866996322E-02
  2.6521739130E+01   2.9230177478E-09   4.6715453081E-01   3.9764818375E-04  -2.3417795132E-04   9.9999989352E-01   4.6147958354E-04   5.7509620711E+00   0.0000000000E+00   5.1423662685E-02   1.1631374804E-02
  2.7157190635E+01   3.0821894080E-09   4.5388907423E-01  -1.7150446964E-04   1.1984189287E-04   9.9999997811E-01   2.0922682265E-04   2.5316937877E+00   0.0000000000E+00   5.1150273289E-02   1.1687355068E-02
  2.7792642140E+01   3.1935297023E-09   4.3505652355E-01  -1.6300835448E-04   4.1164904401E-04   9.9999990199E-01   4.4274899421E-04   1.9478398786E+00   0.0000000000E+00   5.2114817012E-02   1.1731877732E-02
  2.8428093645E+01   3.3659695717E-09   4.2289672258E-01  -5.8075824435E-04  -4.6997697148E-04   9.9999972092E-01   7.4710012477E-04   3.8219467411E+00   0.0000000000E+00   5.2118933114E-02   1.1807551697E-02
  2.9063545151E+01   3.4991990333E-09   4.0829806471E-01   2.4541755019E-04   1.1761344005E-05   9.9999996982E-01   2.4569921615E-04   4.7887171570E-02   0.0000000000E+00   5.2810763250E-02   1.1858257841E-02
  2.9698996656E+01   3.6077523794E-09   3.9408078220E-01  -1.0266720776E-05  -1.3490645191E-04   9.9999999085E-01   1.3529655197E-04   4.6364328716E+00   0.0000000000E+00   5.3645849401E-02   1.1579984140E-02
  3.0334448161E+01   3.7328120835E-09   3.8634455545E-01  -2.0727310797E-04  -1.0955054629E-04   9.9999997252E-01   2.3444288247E-04   3.6278047544E+00   0.0000000000E+00   5.3254071655E-02   1.1521801216E-02
  3.0969899666E+01   3.8290847022E-09   3.7417222773E-01   8.7205680832E-05   3.4042251209E-05   9.9999999562E-01   9.3614667598E-05   3.7217489347E-01   0.0000000000E+00   5.4008110906E-02   1.1622902079E-02
  3.1605351171E+01   3.9405050700E-09   3.6399310638E-01  -1.6442773827E-04  -1.0593339958E-04   9.9999998087E-01   1.9559746118E-04   3.7139186324E+00   0.0000000000E+00   5.4494431233E-02   1.1529256551E-02
  3.2240802676E+01   4.0160713073E-09   3.5641899719E-01  -3.1424394481E-04   2.0389181817E-04   9.9999992984E-01   3.7459463056E-04   2.5660383093E+00   0.0000000000E+00   5.4490800739E-02   1.1354304032E-02
  3.2876254181E+01   4.1258553508E-09   3.4649945075E-01   1.2867382778E-04  -2.7915234682E-04   9.9999995276E-01   3.0738085489E-04   5.1443072517E+00   0.0000000000E+00   5.5160906056E-02   1.1450504715E-02
  3.3511705686E+01   4.2342786008E-09   3.3910162925E-01   1.5267709738E-04   4.6360524355E-04   9.9999988088E-01   4.8809849110E-04   1.2526570151E+00   0.0000000000E+00   5.5412840789E-02   1.1416845087E-02
  3.4147157191E+01   4.2611019122E-09   3.3141176075E-01   6.1602937001E-05  -3.8081929139E-04   9.9999992559E-01   3.8576970102E-04   4.8727639544E+00   0.0000000000E+00   5.5836569517E-02   1.1435694807E-02
  3.4782608696E+01   4.3485112467E-09   3.2505590760E-01  -1.5822857670E-04  -2.0964873301E-05   9.9999998726E-01   1.5961143152E-04   3.2733227536E+00   0.0000000000E+00   5.6046649134E-02   1.1431153340E-02
  3.5418060201E+01   4.4274804380E-09   3.1749335283E-01   7.1442327477E-05  -1.2732896929E-04   9.9999998934E-01   1.4600230523E-04   5.2237026124E+00   0.0000000000E+00   5.6653545224E-02   1.1401716864E-02
  3.6053511706E+01   4.4515642867E-09   3.1272570747E-01  -1.8153829147E-04   3.4814903601E-05   9.9999998292E-01   1.8484650301E-04   2.9521159978E+00   0.0000000000E+00   5.6600449138E-02   1.1334108205E-02
  3.6688963211E+01   4.5116773278E-09   3.0664959878E-01  -2.6792844748E-04   1.7900363064E-04   9.9999994809E-01   3.2222345735E-04   2.5525967604E+00   0.0000000000E+00   5.7060490655E-02   1.1514692862E-02
  3.7324414716E+01   4.5043176660E-09   2.9991500397E-01  -2.6412866363E-05  -1.3660830571E-04   9.9999999032E-01   1.3913830870E-04   4.5213982181E+00   0.0000000000E+00   5.7753356692E-02   1.1344461609E-02
  3.7959866221E+01   4.6298244312E-09   2.9574032448E-01   1.6165151168E-05  -1.2914179389E-04   9.9999999153E-01   1.3014958857E-04   4.8369149609E+00   0.0000000000E+00   5.7717708442E-02   1.1220403734E-02
  3.8595317726E+01   4.6358496904E-09   2.9001705666E-01  -3.3941883593E-04   6.6361758293E-05   9.9999994020E-01   3.4584538980E-04   2.9485124821E+00   0.0000000000E+00   5.8253257240E-02   1.1185519454E-02
  3.9230769231E+01   4.6833370861E-09   2.8479342467E-01  -2.5951935152E-04   5.2493161383E-05   9.9999996495E-01   2.6477505169E-04   2.9420146830E+00   0.0000000000E+00   5.8556748217E-02   1.1219209654E-02
  3.9866220736E+01   4.7580530695E-09   2.7978203535E-01   2.2544541748E-04  -3.8117129308E-04   9.9999990194E-01   4.4285122146E-04   5.2465012149E+00   0.0000000000E+00   5.8906508257E-02   1.1185346921E-02
  4.0501672241E+01   4.7413759053E-09   2.7460168799E-01   6.2155651505E-05   2.0075137088E-04   9.9999997792E-01   2.1015336950E-04   1.2705418684E+00   0.0000000000E+00   5.9416073201E-02   1.1171277945E-02
  4.1137123746E+01   4.8475909849E-09   2.7030327280E-01  -2.8671729490E-05  -3.9198632060E-05   9.9999999882E-01   4.8565433332E-05   4.0808677837E+00   0.0000000000E+00   5.9537716411E-02   1.1363561128E-02
  4.1772575251E+01   4.8597383108E-09   2.6578486197E-01  -2.3342206746E-04  -4.1658295001E-07   9.9999997276E-01   2.3342244188E-04   3.1433773285E+00   0.0000000000E+00   5.9817606865E-02   1.1455493817E-02
  4.2408026756E+01   4.9521377968E-09   2.6207013808E-01   7.6769247227E-06   5.3352205387E-06   9.9999999996E-01   9.3488013760E-06   6.0734110246E-01   0.0000000000E+00   5.9888310160E-02   1.1516128280E-02
  4.3043478261E+01   4.9846397869E-09   2.5628124288E-01   1.1748755298E-04  -2.3133579586E-04   9.9999996634E-01   2.5946016535E-04   5.1823094585E+00   0.0000000000E+00   6.0818529041E-02   1.1588431643E-02
  4.3678929766E+01   5.0398492715E-09   2.5305534623E-01   1.7005556067E-04   1.9600017854E-04   9.9999996633E-01   2.5948981693E-04   8.5615597960E-01   0.0000000000E+00   6.0713092143E-02   1.1693448452E-02
  4.4314381271E+01   5.1028009939E-09   2.4879483467E-01  -1.0919604921E-04  -1.5159290254E-04   9.9999998255E-01   1.8682661980E-04   4.0881523897E+00   0.0000000000E+00   6.1088348468E-02   1.1643624071E-02
  4.4949832776E+01   5.1451673949E-09   2.4497565003E-01  -3.1708128582E-04  -1.7662744643E-04   9.9999993413E-01   3.6295702577E-04   3.6498259549E+00   0.0000000000E+00   6.1415280560E-02   1.1530349630E-02
  4.5585284281E+01   5.1863526343E-09   2.4112914244E-01  -5.0385322412E-05   4.4800313493E-06   9.9999999872E-01   5.0584104772E-05   3.0529104635E+00   0.0000000000E+00   6.1786968002E-02   1.1438212843E-02
  4.6220735786E+01   5.1951120213E-09   2.3773126310E-01  -2.5144234662E-04   7.8159639000E-05   9.9999996533E-01   2.6331005373E-04   2.8402160977E+00   0.0000000000E+00   6.1958865428E-02   1.1439167931E-02
  4.6856187291E+01   5.2974435547E-09   2.3336672673E-01   8.6329045493E-05  -1.4577263679E-04   9.9999998565E-01   1.6941772732E-04   5.2470660919E+00   0.0000000000E+00   6.2666263241E-02   1.1589382609E-02
  4.7491638796E+01   5.3025044469E-09   2.3080722032E-01  -9.5944984046E-05  -7.0048556642E-05   9.9999999294E-01   1.1879495057E-04   3.7722296865E+00   0.0000000000E+00   6.2629006582E-02   1.1861341540E-02
  4.8127090301E+01   5.3495851456E-09   2.2706211445E-01  -1.4213592991E-05   5.0270119642E-05   9.9999999864E-01   5.2240901849E-05   1.8463480600E+00   0.0000000000E+00   6.3128664627E-02   1.1974984171E-02
  4.8762541806E+01   5.3815707334E-09   2.2432470115E-01   2.5947963109E-04  -1.8925189371E-04   9.9999994843E-01   3.2116345093E-04   5.6530306455E+00   0.0000000000E+00   6.3179381637E-02   1.1995746738E-02
  4.9397993311E+01   5.4009450965E-09   2.2140867656E-01  -5.2327901455E-04   3.9831097219E-05   9.9999986230E-01   5.2479278645E-04   3.0656208767E+00   0.0000000000E+00   6.3480175297E-02   1.1979401659E-02
  5.0033444816E+01   5.4682588709E-09   2.1777438755E-01   1.2604300917E-04  -1.4333006263E-04   9.9999998178E-01   1.9086735698E-04   5.4336998916E+00   0.0000000000E+00   6.4111455190E-02   1.2032925487E-02
  5.0668896321E+01   5.4612211994E-09   2.1572815415E-01   6.9826071376E-05   1.0892213559E-04   9.9999999163E-01   1.2938204012E-04   1.0007286018E+00   0.0000000000E+00   6.4065422891E-02   1.1994589434E-02
  5.1304347826E+01   5.4920700785E-09   2.1318793529E-01  -2.6479393093E-04   2.8954521028E-04   9.9999992302E-01   3.9236751001E-04   2.3115740604E+00   0.0000000000E+00   6.4391287081E-02   1.2041364476E-02
  5.1939799331E+01   5.4650220754E-09   2.1011037281E-01   1.3963990199E-04   3.5576793602E-05   9.9999998962E-01   1.4410069694E-04   2.4946795968E-01   0.0000000000E+00   6.5084103681E-02   1.2023901617E-02
  5.2575250836E+01   5.4793586613E-09   2.0893295619E-01   1.5354019504E-04  -6.8466834896E-05   9.9999998587E-01   1.6811394849E-04   5.8637284494E+00   0.0000000000E+00   6.4657442531E-02   1.2133772849E-02
  5.3210702341E+01   5.5240656153E-09   2.0546850499E-01  -2.6544428473E-04   9.2360264382E-05   9.9999996050E-01   2.8105353419E-04   2.8067488916E+00   0.0000000000E+00   6.5655423258E-02   1.2216877750E-02
  5.3846153846E+01   5.4710846854E-09   2.0379150610E-01  -1.4346435513E-04  -1.8200013121E-04   9.9999997315E-01   2.3174570174E-04   4.0448445248E+00   0.0000000000E+00   6.5626766711E-02   1.2309547320E-02
  5.4481605351E+01   5.4910550513E-09   2.0207572482E-01   2.9112253267E-04   6.1589377550E-05   9.9999995573E-01   2.9756609941E-04   2.0848417235E-01   0.0000000000E+00   6.5727521083E-02   1.2519924688E-02
  5.5117056856E+01   5.4529679614E-09   1.9979989231E-01  -4.6610429224E-04   1.7181213838E-05   9.9999989123E-01   4.6642086277E-04   3.1047480272E+00   0.0000000000E+00   6.6214636182E-02   1.2675895663E-02
  5.5752508361E+01   5.4716788053E-09   1.9749959647E-01   2.9286480241E-04  -1.7427067222E-05   9.9999995696E-01   2.9338285160E-04   6.2237498903E+00   0.0000000000E+00   6.6766532169E-02   1.2761500932E-02
  5.6387959866E+01   5.4170126561E-09   1.9680399465E-01  -1.4114571504E-05  -1.7394221496E-04   9.9999998477E-01   1.7451394104E-04   4.6314212061E+00   0.0000000000E+00   6.6427928789E-02   1.2802570263E-02
  5.7023411371E+01   5.3912358866E-09   1.9423713622E-01   2.7628099763E-05   7.6609507814E-05   9.9999999668E-01   8.1439113048E-05   1.2246783686E+00   0.0000000000E+00   6.7198517238E-02   1.2812221865E-02
  5.7658862876E+01   5.3839455328E-09   1.9298917278E-01  -4.8877639523E-05  -7.5787653527E-05   9.9999999593E-01   9.0181996235E-05   4.1395870245E+00   0.0000000000E+00   6.7215798521E-02   1.3068312396E-02
  5.8294314381E+01   5.3694027134E-09   1.9152647033E-01  -8.1115255566E-05  -6.1919477456E-05   9.9999999479E-01   1.0204757015E-04   3.7935843031E+00   0.0000000000E+00   6.7478380059E-02   1.3149206444E-02
  5.8929765886E+01   5.3115033652E-09   1.8976593609E-01   1.3680462904E-05   1.8635706861E-04   9.9999998254E-01   1.8685853678E-04   1.4975178223E+00   0.0000000000E+00   6.7931431082E-02   1.3351363624E-02
  5.9565217391E+01   5.2617772908E-09   1.8855076408E-01   1.6470288807E-04  -3.9423463117E-04   9.9999990873E-01   4.2725635987E-04   5.1081273790E+00   0.0000000000E+00   6.8027764219E-02   1.3450634669E-02
  6.0200668896E+01   5.2780034255E-09   1.8676891451E-01  -2.7753516743E-04   1.9686539469E-04   9.9999994211E-01   3.4026718582E-04   2.5246290574E+00   0.0000000000E+00   6.8682500480E-02   1.3704507538E-02
  6.0836120401E+01   5.1713082265E-09   1.8628112078E-01   2.3415123092E-04  -3.7630625431E-04   9.9999990178E-01   4.4320786198E-04   5.2689981013E+00   0.0000000000E+00   6.8444702327E-02   1.3886139048E-02
  6.1471571906E+01   5.1462696649E-09   1.8406806785E-01  -5.4597513666E-06   6.0436210528E-05   9.9999999816E-01   6.0682325702E-05   1.6608908415E+00   0.0000000000E+00   6.9322862107E-02   1.4038407095E-02
  6.2107023411E+01   5.1132747790E-09   1.8391286588E-01   1.4000881376E-05  -4.5379814713E-05   9.9999999887E-01   4.7490550110E-05   5.0116498993E+00   0.0000000000E+00   6.8912551790E-02   1.4308309945E-02
  6.2742474916E+01   5.0339439980E-09   1.8254317591E-01   2.5771983549E-05  -8.6094310261E-05   9.9999999596E-01   8.9868936546E-05   5.0032456259E+00   0.0000000000E+00   6.9454079923E-02   1.4568604361E-02
  6.3377926421E+01   5.0086647360E-09   1.8143669629E-01  -7.5827073950E-05   2.8916191144E-04   9.9999995532E-01   2.9893872044E-04   1.8272525180E+00   0.0000000000E+00   6.9877780901E-02   1.4836205039E-02
  6.4013377926E+01   4.9222636950E-09   1.8085170256E-01   2.9532939512E-04  -3.9268474535E-04   9.9999987929E-01   4.9134588700E-04   5.3572184184E+00   0.0000000000E+00   6.9751504691E-02   1.5158374876E-02
  6.4648829431E+01   4.8541231891E-09   1.8038810921E-01  -2.5814978825E-04   2.5151450961E-04   9.9999993505E-01   3.6041762924E-04   2.3692126746E+00   0.0000000000E+00   6.9963985395E-02   1.5431783944E-02
  6.5284280936E+01   4.8008326613E-09   1.7847118422E-01   2.1535689680E-04  -2.7221012288E-04   9.9999993976E-01   3.4709789536E-04   5.3817053973E+00   0.0000000000E+00   7.0888047663E-02   1.5835533023E-02
  6.5919732441E+01   4.7283374077E-09   1.7871664481E-01  -7.4943415667E-05  -1.6284109201E-04   9.9999998393E-01   1.7925885560E-04   4.2810651887E+00   0.0000000000E+00   7.0546945219E-02   1.6280988489E-02
  6.6555183946E+01   4.6812168043E-09   1.7773037292E-01  -1.3416102031E-04  -1.2912785151E-04   9.9999998266E-01   1.8620736285E-04   3.9078766182E+00   0.0000000000E+00   7.1041409530E-02   1.6804383443E-02
  6.7190635452E+01   4.5732025590E-09   1.7698795452E-01   1.8988208148E-05  -1.2262810281E-04   9.9999999230E-01   1.2408950022E-04   4.8660127951E+00   0.0000000000E+00   7.1322864441E-02   1.7307855259E-02
  6.7826086957E+01   4.5051544735E-09   1.7688607322E-01  -3.2704625302E-04   3.7428854383E-04   9.9999987647E-01   4.9704243921E-04   2.2889355550E+00   0.0000000000E+00   7.1308013541E-02   1.7569580033E-02
  6.8461538462E+01   4.4295894583E-09   1.7640760902E-01   2.1692933235E-04  -3.2276374912E-04   9.9999992438E-01   3.8888916237E-04   5.3041433041E+00   0.0000000000E+00   7.1655757122E-02   1.8128087865E-02
  6.9096989967E+01   4.3545987430E-09   1.7546552282E-01   8.6322587369E-05  -2.4483030880E-05   9.9999999597E-01   8.9727411140E-05   6.0068205995E+00   0.0000000000E+00   7.2244029794E-02   1.8597228241E-02
  6.9732441472E+01   4.2502655324E-09   1.7582075723E-01  -1.9821692409E-04   2.2655115896E-04   9.9999995469E-01   3.0102388553E-04   2.2895879755E+00   0.0000000000E+00   7.2011526144E-02   1.8994790227E-02
  7.0367892977E+01   4.1737104895E-09   1.7508453257E-01  -4.1894552156E-04   3.7104952577E-05   9.9999991155E-01   4.2058547076E-04   3.0532556618E+00   0.0000000000E+00   7.2595641646E-02   1.9436552654E-02
  7.1003344482E+01   4.0863560728E-09   1.7514460727E-01   7.9099372887E-04   1.4573780301E-04   9.9999967654E-01   8.0430760692E-04   1.8220307509E-01   0.0000000000E+00   7.2567176223E-02   1.9973988140E-02
  7.1638795987E+01   4.0168084354E-09   1.7427900715E-01  -4.5711836663E-04  -4.0479346846E-04   9.9999981359E-01   6.1058578396E-04   3.8663572841E+00   0.0000000000E+00   7.3409476814E-02   2.0392819084E-02
  7.2274247492E+01   3.9339290493E-09   1.7477285019E-01  -1.9169839550E-04   1.5066092918E-04   9.9999997028E-01   2.4381753848E-04   2.4754919599E+00   0.0000000000E+00   7.3025778181E-02   2.1035214988E-02
  7.2909698997E+01   3.8370359360E-09   1.7436587705E-01  -7.7571086825E-06  -1.2939643764E-04   9.9999999160E-01   1.2962874284E-04   4.6525122459E+00   0.0000000000E+00   7.3425786182E-02   2.1759450471E-02
  7.3545150502E+01   3.7328776971E-09   1.7423799226E-01  -1.8585921877E-04   1.8374806094E-04   9.9999996585E-01   2.6135608022E-04   2.3619063227E+00   0.0000000000E+00   7.3675305710E-02   2.2235930494E-02
  7.4180602007E+01   3.6993814796E-09   1.7441793503E-01   4.2442304457E-04  -1.1783218018E-07   9.9999990993E-01   4.2442307417E-04   6.2829076781E+00   0.0000000000E+00   7.3728507798E-02   2.2623497337E-02
  7.4816053512E+01   3.5991660527E-09   1.7391970666E-01  -5.2672359478E-04   3.1537493999E-04   9.9999981155E-01   6.1392112339E-04   2.6020939132E+00   0.0000000000E+00   7.4378495968E-02   2.3105343888E-02
  7.5451505017E+01   3.4931698258E-09   1.7473748298E-01   1.0623037830E-04  -3.5250331451E-04   9.9999993223E-01   3.6816230957E-04   5.0050929603E+00   0.0000000000E+00   7.3943942743E-02   2.3615892706E-02
  7.6086956522E+01   3.4462206227E-09   1.7358962545E-01  -1.4000787368E-04   5.0931176080E-04   9.9999986050E-01   5.2820516903E-04   1.8390660441E+00   0.0000000000E+00   7.5040331600E-02   2.3852543473E-02
  7.6722408027E+01   3.3368812274E-09   1.7434348331E-01  -3.5088531827E-05  -4.7878390376E-04   9.9999988477E-01   4.8006796322E-04   4.6392329833E+00   0.0000000000E+00   7.4827541735E-02   2.4105335056E-02
  7.7357859532E+01   3.2475500787E-09   1.7528708350E-01   7.8590328394E-05   1.0743565657E-04   9.9999999114E-01   1.3311220899E-04   9.3923378471E-01   0.0000000000E+00   7.4310495561E-02   2.4290007060E-02
  7.7993311037E+01   3.2131426647E-09   1.7464652065E-01  -1.5267937832E-04   4.6466011064E-05   9.9999998726E-01   1.5959349154E-04   2.8461615623E+00   0.0000000000E+00   7.5174872078E-02   2.4308029770E-02
  7.8628762542E+01   3.1317501368E-09   1.7318385968E-01   2.6177221200E-04   2.3989923017E-04   9.9999993696E-01   3.5507229909E-04   7.4182554644E-01   0.0000000000E+00   7.6609167116E-02   2.4149328387E-02
  7.9264214047E+01   3.0236983446E-09   1.7571631172E-01   2.0045129497E-04   1.7019101766E-04   9.9999996543E-01   2.6295571153E-04   7.0393603635E-01   0.0000000000E+00   7.4815495930E-02   2.3880968646E-02
  7.9899665552E+01   3.0081141406E-09   1.7422614549E-01  -5.3158295564E-04  -2.3533542658E-04   9.9999983102E-01   5.8134605856E-04   3.5583650839E+00   0.0000000000E+00   7.6100490702E-02   2.3481444207E-02
  8.0535117057E+01   2.8922469603E-09   1.7463185319E-01   3.6124774001E-04  -3.4191293809E-04   9.9999987630E-01   4.9739763532E-04   5.5252772066E+00   0.0000000000E+00   7.5979802548E-02   2.3026792660E-02
  8.1170568562E+01   2.8756216434E-09   1.7472664791E-01  -1.7355227607E-04   7.0076178647E-04   9.9999973941E-01   7.2193321358E-04   1.8135735947E+00   0.0000000000E+00   7.6043030721E-02   2.2532633969E-02
  8.1806020067E+01   2.8307814677E-09   1.7382773218E-01   2.1573354283E-04  -1.3457859828E-04   9.9999996767E-01   2.5426828751E-04   5.7254359836E+00   0.0000000000E+00   7.6858051982E-02   2.1721758173E-02
  8.2441471572E+01   2.7661258411E-09   1.7354977176E-01   5.0416040715E-05   1.0949576531E-04   9.9999999273E-01   1.2054501283E-04   1.1392959182E+00   0.0000000000E+00   7.7018121404E-02   2.1023319175E-02
  8.3076923077E+01   2.7418023424E-09   1.7348727070E-01  -2.8330526975E-04   1.3168208410E-04   9.9999995120E-01   3.1241326888E-04   2.7064942271E+00   0.0000000000E+00   7.6854520752E-02   2.0141421523E-02
  8.3712374582E+01   2.7095455764E-09   1.7348762823E-01   2.4046179782E-04  -8.8865664765E-06   9.9999997105E-01   2.4062595167E-04   6.2462458673E+00   0.0000000000E+00   7.6738660364E-02   1.9662003423E-02
  8.4347826087E+01   2.6655261989E-09   1.7307161384E-01   7.0607586048E-05  -2.5026923504E-04   9.9999996619E-01   2.6003869476E-04   4.9873685056E+00   0.0000000000E+00   7.6877726678E-02   1.8883671080E-02
  8.4983277592E+01   2.6533313747E-09   1.7183706252E-01  -9.3750599636E-05   3.0888870968E-04   9.9999994790E-01   3.2280243762E-04   1.8654695555E+00   0.0000000000E+00   7.7502268478E-02   1.8468476117E-02
  8.5618729097E+01   2.6259597944E-09   1.7055065484E-01   5.1671543612E-05  -4.1898864996E-04   9.9999991089E-01   4.2216282196E-04   4.8350938610E+00   0.0000000000E+00   7.8506634991E-02   1.8067141566E-02
  8.6254180602E+01   2.6053071498E-09   1.7116493207E-01   1.4584938823E-04   6.5468887592E-04   9.9999977506E-01   6.7073812772E-04   1.3515991152E+00   0.0000000000E+00   7.7536810849E-02   1.7825909487E-02
  8.6889632107E+01   2.5834432699E-09   1.6930675407E-01  -3.3738929878E-04  -7.3162418585E-05   9.9999994041E-01   3.4523076833E-04   3.3551351256E+00   0.0000000000E+00   7.8635708914E-02   1.7358881773E-02
  8.7525083612E+01   2.5715546801E-09   1.6994102683E-01  -3.9512925110E-04  -3.6540835782E-04   9.9999985517E-01   5.3819180738E-04   3.8879318969E+00   0.0000000000E+00   7.7739883547E-02   1.7381116817E-02
  8.8160535117E+01   2.5261722229E-09   1.6879274646E-01   6.0783387188E-04   6.9035046881E-04   9.9999957698E-01   9.1980760177E-04   8.4887584783E-01   0.0000000000E+00   7.8211402690E-02   1.7209724679E-02
  8.8795986622E+01   2.5614038478E-09   1.6788801701E-01  -1.9682358818E-04  -2.3450538933E-04   9.9999995313E-01   3.0615732228E-04   4.0141316666E+00   0.0000000000E+00   7.8545183967E-02   1.6917583050E-02
  8.9431438127E+01   2.5297611261E-09   1.6630923562E-01  -9.2825615348E-05  -1.0211942846E-04   9.9999999048E-01   1.3800352518E-04   3.9746287640E+00   0.0000000000E+00   7.9416005039E-02   1.6905764456E-02
  9.0066889632E+01   2.5231751426E-09   1.6622086429E-01   5.9011589970E-06  -2.1480466960E-05   9.9999999975E-01   2.2276313988E-05   4.9804968117E+00   0.0000000000E+00   7.8840997569E-02   1.6698745545E-02
  9.0702341137E+01   2.4943146206E-09   1.6534213708E-01  -2.4096223104E-04   7.9139049973E-05   9.9999996784E-01   2.5362528952E-04   2.8242622292E+00   0.0000000000E+00   7.9148084270E-02   1.6318802523E-02
  9.1337792642E+01   2.5156252372E-09   1.6411654977E-01   4.1941785561E-04   1.3112886009E-04   9.9999990345E-01   4.3943842392E-04   3.0301688573E-01   0.0000000000E+00   7.9438139557E-02   1.5953540853E-02
  9.1973244147E+01   2.5141751518E-09   1.6325635517E-01  -3.3898208378E-04  -3.9981954646E-04   9.9999986262E-01   5.2417988141E-04   4.0091515843E+00   0.0000000000E+00   7.9752467914E-02   1.5610711826E-02
  9.2608695652E+01   2.5092967371E-09   1.6237074382E-01  -1.1576691178E-04   3.6416395731E-04   9.9999992699E-01   3.8212219624E-04   1.8785911563E+00   0.0000000000E+00   7.9888458334E-02   1.5265204558E-02
  9.3244147157E+01   2.4901815309E-09   1.6147758503E-01   2.4588494502E-04  -6.3157523759E-05   9.9999996778E-01   2.5386665869E-04   6.0317625111E+00   0.0000000000E+00   8.0091709642E-02   1.4987478356E-02
  9.3879598662E+01   2.4673232765E-09   1.6094009598E-01  -1.2676052164E-04  -1.4388245787E-04   9.9999998161E-01   1.9175607526E-04   3.9901705398E+00   0.0000000000E+00   7.9926359114E-02   1.5093630015E-02
  9.4515050167E+01   2.4815403647E-09   1.5975545300E-01   7.3283152594E-05  -9.7425463147E-05   9.9999999257E-01   1.2191038231E-04   5.3572947624E+00   0.0000000000E+00   8.0359475191E-02   1.5036488771E-02
  9.5150501672E+01   2.5048462291E-09   1.5801180773E-01  -4.7289915831E-04  -2.6447128085E-05   9.9999988783E-01   4.7363813317E-04   3.1974599705E+00   0.0000000000E+00   8.1318541719E-02   1.5220433352E-02
  9.5785953177E+01   2.4768545710E-09   1.5834229637E-01   1.6775355899E-04  -1.3076272217E-04   9.9999997738E-01   2.1269731393E-04   5.6210743213E+00   0.0000000000E+00   8.0402011365E-02   1.5063553706E-02
  9.6421404682E+01   2.4930655544E-09   1.5650286574E-01  -1.8551919445E-04   1.4906854014E-06   9.9999998279E-01   1.8552518471E-04   3.1335576180E+00   0.0000000000E+00   8.1170540251E-02   1.4854499007E-02
  9.7056856187E+01   2.4900972559E-09   1.5552330523E-01  -3.8060231333E-05   2.6242366432E-04   9.9999996484E-01   2.6516930940E-04   1.7148255914E+00   0.0000000000E+00   8.1356846477E-02   1.4608891976E-02
  9.7692307692E+01   2.5044729520E-09   1.5438403157E-01   2.8781706226E-04  -1.0825450249E-04   9.9999995272E-01   3.0750236056E-04   5.9234308009E+00   0.0000000000E+00   8.1562732741E-02   1.4353936841E-02
  9.8327759197E+01   2.5152241315E-09   1.5349750099E-01  -3.6762407791E-04   5.4992207953E-05   9.9999993091E-01   3.7171442319E-04   2.9931055116E+00   0.0000000000E+00   8.1492443241E-02   1.3954221576E-02
  9.8963210702E+01   2.5281149945E-09   1.5137880329E-01  -1.5159885236E-04  -2.5795463409E-04   9.9999995524E-01   2.9920362270E-04   4.1810658221E+00   0.0000000000E+00   8.2597122746E-02   1.3764866967E-02
  9.9598662207E+01   2.5776186878E-09   1.5046150689E-01   3.3836238517E-04  -9.3429455404E-05   9.9999993839E-01   3.5102446075E-04   6.0137758505E+00   0.0000000000E+00   8.2251092451E-02   1.3742187968E-02
  1.0023411371E+02   2.5627766760E-09   1.4993441708E-01  -2.9422149201E-04   5.4168046702E-05   9.9999995525E-01   2.9916628586E-04   2.9595250966E+00   0.0000000000E+00   8.1791662426E-02   1.3522042542E-02
  1.0086956522E+02   2.6133005433E-09   1.4745485006E-01  -1.4113469158E-04   4.5296454019E-06   9.9999999003E-01   1.4120736156E-04   3.1095091804E+00   0.0000000000E+00   8.2944691548E-02   1.3776926855E-02
  1.0150501672E+02   2.6556043807E-09   1.4606440306E-01  -1.3984215400E-04   1.9365754954E-04   9.9999997147E-01   2.3887041620E-04   2.1962079530E+00   0.0000000000E+00   8.3270219747E-02   1.4211486791E-02
  1.0214046823E+02   2.6823013703E-09   1.4529882600E-01   2.2911949618E-04   6.5623292671E-05   9.9999997160E-01   2.3833203944E-04   2.7894749899E-01   0.0000000000E+00   8.2656559488E-02   1.4715034630E-02
  1.0277591973E+02   2.7126891962E-09   1.4329908377E-01   5.3840054911E-04  -6.5153001861E-04   9.9999964282E-01   8.4520215749E-04   5.4029997170E+00   0.0000000000E+00   8.3198567875E-02   1.5458261011E-02
  1.0341137124E+02   2.7512410196E-09   1.4213877006E-01  -5.7319102664E-04   3.4751710873E-04   9.9999977534E-01   6.7031049638E-04   2.5965646574E+00   0.0000000000E+00   8.3103743174E-02   1.6120382718E-02
  1.0404682274E+02   2.8064731138E-09   1.4023779606E-01   2.0212422928E-04  -2.5645652825E-04   9.9999994669E-01   3.2653354942E-04   5.3798576597E+00   0.0000000000E+00   8.3668465778E-02   1.6994849838E-02
  1.0468227425E+02   2.8603168877E-09   1.3851181671E-01  -4.5820279099E-04  -1.4064259131E-04   9.9999988513E-01   4.7930173583E-04   3.4394078400E+00   0.0000000000E+00   8.3981010419E-02   1.7717678909E-02
  1.0531772575E+02   2.9135109114E-09   1.3725360241E-01   7.1807727279E-05  -4.1016356822E-05   9.9999999658E-01   8.2696380784E-05   5.7642137962E+00   0.0000000000E+00   8.3769437979E-02   1.8052575609E-02
  1.0595317726E+02   2.9770588746E-09   1.3525945789E-01   3.3900053889E-04   8.4504564077E-04   9.9999958549E-01   9.1050740230E-04   1.1892882810E+00   0.0000000000E+00   8.4482246301E-02   1.8405412019E-02
  1.0658862876E+02   3.0224020256E-09   1.3376762269E-01  -5.1329172826E-04  -8.6950979053E-04   9.9999949024E-01   1.0097108601E-03   4.1791152222E+00   0.0000000000E+00   8.4549681649E-02   1.8486907987E-02
  1.0722408027E+02   3.0877048387E-09   1.3198896449E-01  -1.1820339946E-04   1.2784542003E-04   9.9999998484E-01   1.7411632718E-04   2.3170271025E+00   0.0000000000E+00   8.4856681848E-02   1.8682340658E-02
  1.0785953177E+02   3.1456202338E-09   1.3093032889E-01   4.4502790044E-04   7.3817326706E-05   9.9999989825E-01   4.5110846134E-04   1.6437464257E-01   0.0000000000E+00   8.4470896218E-02   1.8795456297E-02
  1.0849498328E+02   3.2052811266E-09   1.2928873269E-01  -1.9682563234E-04  -1.1846403235E-04   9.9999997361E-01   2.2972604849E-04   3.6833882164E+00   0.0000000000E+00   8.4890337108E-02   1.8625334432E-02
  1.0913043478E+02   3.2818043447E-09   1.2749531550E-01   5.5686558140E-05   1.9886587355E-04   9.9999997868E-01   2.0651544495E-04   1.2977684426E+00   0.0000000000E+00   8.5338006625E-02   1.8252903288E-02
  1.0976588629E+02   3.3440932463E-09   1.2565384632E-01  -3.7069024000E-04  -3.9915493754E-06   9.9999993129E-01   3.7071173839E-04   3.1523601211E+00   0.0000000000E+00   8.5909535958E-02   1.8125876526E-02
  1.1040133779E+02   3.3991995078E-09   1.2539160455E-01   4.5667784478E-04  -2.8832111951E-04   9.9999985416E-01   5.4007754096E-04   5.7200365427E+00   0.0000000000E+00   8.4679477248E-02   1.7642755454E-02
  1.1103678930E+02   3.4722841093E-09   1.2289598863E-01  -2.9685357325E-04   3.6337233693E-04   9.9999988992E-01   4.6921372050E-04   2.2557818145E+00   0.0000000000E+00   8.6276466378E-02   1.7318650268E-02
  1.1167224080E+02   3.5305754681E-09   1.2185633926E-01   2.0966345707E-04  -8.5271609202E-05   9.9999997438E-01   2.2634048247E-04   5.8969103833E+00   0.0000000000E+00   8.6129129227E-02   1.6798313255E-02
  1.1230769231E+02   3.5945630284E-09   1.2056970608E-01  -5.2945119641E-05  -4.9664707765E-05   9.9999999737E-01   7.2593175078E-05   3.8950319389E+00   0.0000000000E+00   8.6200892903E-02   1.6289325657E-02
  1.1294314381E+02   3.6568326552E-09   1.1920520287E-01  -2.8077123529E-04   3.3374900030E-04   9.9999990489E-01   4.3614320386E-04   2.2701971580E+00   0.0000000000E+00   8.6519252588E-02   1.5776214443E-02
  1.1357859532E+02   3.7040168015E-09   1.1812325298E-01  -2.5918557343E-04   3.2502294447E-05   9.9999996588E-01   2.6121554758E-04   3.0168422235E+00   0.0000000000E+00   8.6526349449E-02   1.5331828844E-02
  1.1421404682E+02   3.7717277214E-09   1.1723162591E-01   3.5360777110E-04  -2.5833271673E-04   9.9999990411E-01   4.3792038163E-04   5.6522404396E+00   0.0000000000E+00   8.6257173169E-02   1.4653437291E-02
  1.1484949833E+02   3.8231514234E-09   1.1548171053E-01  -4.8607697382E-04  -2.9438839539E-05   9.9999988143E-01   4.8696764654E-04   3.2020829177E+00   0.0000000000E+00   8.7375311384E-02   1.4261536651E-02
  1.1548494983E+02   3.8577434803E-09   1.1469247570E-01   4.5745715549E-04   2.6008212680E-04   9.9999986155E-01   5.2622218453E-04   5.1696493398E-01   0.0000000000E+00   8.7179125522E-02   1.3718447710E-02
  1.1612040134E+02   3.9176779214E-09   1.1382344382E-01  -3.2522524395E-04  -4.1203917445E-04   9.9999986223E-01   5.2492643849E-04   4.0442024945E+00   0.0000000000E+00   8.6996901411E-02   1.3155298904E-02
  1.1675585284E+02   3.9653761210E-09   1.1246878987E-01   3.0163679369E-04   4.1124545782E-04   9.9999986995E-01   5.1000745549E-04   9.3795769550E-01   0.0000000000E+00   8.7605804740E-02   1.2773765046E-02
  1.1739130435E+02   3.9997566604E-09   1.1166135564E-01  -3.7792210056E-04  -9.1619646227E-05   9.9999992439E-01   3.8886923410E-04   3.3794339975E+00   0.0000000000E+00   8.7632516519E-02   1.2266314040E-02
  1.1802675585E+02   4.0729189627E-09   1.1048473238E-01   8.1115826142E-05  -1.6547909622E-05   9.9999999657E-01   8.2786538857E-05   6.0819432419E+00   0.0000000000E+00   8.8090829000E-02   1.2050073960E-02
  1.1866220736E+02   4.1050889552E-09   1.0989906761E-01   4.6729167673E-04  -2.5604271231E-04   9.9999985804E-01   5.3284088540E-04   5.7819334216E+00   0.0000000000E+00   8.7761814805E-02   1.1588880655E-02
  1.1929765886E+02   4.1625820258E-09   1.0852509237E-01  -4.0813951351E-04  -1.5442989811E-04   9.9999990479E-01   4.3637881257E-04   3.5033191749E+00   0.0000000000E+00   8.8556994659E-02   1.1342054734E-02
  1.1993311037E+02   4.1748278539E-09   1.0790076062E-01  -5.3086767925E-04   2.4899662074E-04   9.9999982809E-01   5.8636153486E-04   2.7030207638E+00   0.0000000000E+00   8.8298465492E-02   1.1011634528E-02
  1.2056856187E+02   4.2439670648E-09   1.0737656980E-01   3.9688780699E-04   2.5043524799E-04   9.9999988988E-01   4.6929496181E-04   5.6290056513E-01   0.0000000000E+00   8.7991453769E-02   1.0717425727E-02
  1.2120401338E+02   4.2764254224E-09   1.0599817841E-01   2.9275633295E-04  -5.3669015211E-04   9.9999981313E-01   6.1134494049E-04   5.2117590372E+00   0.0000000000E+00   8.9139223643E-02   1.0611640237E-02
  1.2183946488E+02   4.3022240761E-09   1.0569202830E-01  -2.4707868832E-04   3.8122210856E-04   9.9999989681E-01   4.5428866212E-04   2.1458506705E+00   0.0000000000E+00   8.8684997829E-02   1.0454777466E-02
  1.2247491639E+02   4.3185525794E-09   1.0460777617E-01   1.5369774547E-04   1.9830743940E-05   9.9999998799E-01   1.5497179001E-04   1.2831539942E-01   0.0000000000E+00   8.9239884397E-02   1.0374266085E-02
  1.2311036789E+02   4.3722477816E-09   1.0389944542E-01  -1.0481521814E-04  -1.4749213104E-04   9.9999998363E-01   1.8094241996E-04   4.0945513610E+00   0.0000000000E+00   8.9364803560E-02   1.0238763604E-02
  1.2374581940E+02   4.3910849823E-09   1.0351986958E-01   2.4682084036E-05  -5.7986834897E-05   9.9999999801E-01   6.3021254692E-05   5.1148098762E+00   0.0000000000E+00   8.9112603162E-02   1.0220181460E-02
  1.2438127090E+02   4.4142604076E-09   1.0236702832E-01  -2.5577449139E-04  -1.9187339313E-05   9.9999996711E-01   2.5649316978E-04   3.2164690341E+00   0.0000000000E+00   8.9987830923E-02   1.0208197717E-02
  1.2501672241E+02   4.4384022801E-09   1.0194044255E-01  -8.3385221434E-05  -1.6074071071E-04   9.9999998360E-01   1.8108194842E-04   4.2338493409E+00   0.0000000000E+00   8.9933313045E-02   1.0313492401E-02
  1.2565217391E+02   4.4498918198E-09   1.0126260464E-01   3.3431603934E-04   3.3469397122E-05   9.9999994356E-01   3.3598723128E-04   9.9780578259E-02   0.0000000000E+00   8.9888997135E-02   1.0374152063E-02
  1.2628762542E+02   4.4911631903E-09   1.0083812116E-01  -1.9289271274E-04  -5.5252029618E-05   9.9999997987E-01   2.0064991027E-04   3.4205623654E+00   0.0000000000E+00   8.9988295213E-02   1.0438306782E-02
  1.2692307692E+02   4.5031615243E-09   1.0025351380E-01  -5.5449333695E-05  -1.1537584321E-04   9.9999999181E-01   1.2800864800E-04   4.2643835611E+00   0.0000000000E+00   8.9964450731E-02   1.0610069993E-02
  1.2755852843E+02   4.5147457922E-09   9.9139520135E-02   2.5910380086E-04  -4.1626270872E-05   9.9999996557E-01   2.6242623274E-04   6.1238916489E+00   0.0000000000E+00   9.1073149318E-02   1.0749738966E-02
  1.2819397993E+02   4.5328091376E-09   9.9216121599E-02  -2.4828900290E-04  -1.5377755723E-04   9.9999995735E-01   2.9205302396E-04   3.6961180377E+00   0.0000000000E+00   9.0137521015E-02   1.0937733468E-02
  1.2882943144E+02   4.5321765638E-09   9.8191828472E-02   2.0479411021E-04   6.7982542000E-05   9.9999997672E-01   2.1578288731E-04   3.2051003952E-01   0.0000000000E+00   9.1143599209E-02   1.1063688858E-02
  1.2946488294E+02   4.5824779059E-09   9.7869438332E-02  -1.5872832905E-04  -3.8144003558E-06   9.9999998740E-01   1.5877415644E-04   3.1656190286E+00   0.0000000000E+00   9.1051035181E-02   1.1291632723E-02
  1.3010033445E+02   4.5746784575E-09   9.7381392112E-02   3.2725812718E-05   1.2533444025E-05   9.9999999939E-01   3.5043773960E-05   3.6575140637E-01   0.0000000000E+00   9.1170080651E-02   1.1561987079E-02
  1.3073578595E+02   4.5834783399E-09   9.6563376966E-02  -1.4280776981E-04  -1.7792570228E-04   9.9999997397E-01   2.2814823232E-04   4.0360489537E+00   0.0000000000E+00   9.1827737250E-02   1.1800012843E-02
  1.3137123746E+02   4.5651684152E-09   9.6698268859E-02   7.6324472661E-05  -9.8022473947E-06   9.9999999704E-01   7.6951342183E-05   6.1554558684E+00   0.0000000000E+00   9.0829859944E-02   1.2059738367E-02
  1.3200668896E+02   4.6317029086E-09   9.5905613087E-02  -2.8870789429E-04   2.8821022895E-04   9.9999991679E-01   4.0794288048E-04   2.3570571173E+00   0.0000000000E+00   9.1625728646E-02   1.2282979357E-02
  1.3264214047E+02   4.5860051775E-09   9.5393160446E-02   1.9502091823E-04  -3.9583030418E-04   9.9999990264E-01   4.4126500113E-04   5.1701700548E+00   0.0000000000E+00   9.1834404944E-02   1.2528832666E-02
  1.3327759197E+02   4.6059995676E-09   9.4880589068E-02   1.1542269990E-04   2.3432543557E-04   9.9999996588E-01   2.6121028109E-04   1.1131068621E+00   0.0000000000E+00   9.2216879044E-02   1.2892831879E-02
  1.3391304348E+02   4.6255236534E-09   9.4748678146E-02  -1.1265974925E-04   1.8916164036E-05   9.9999999347E-01   1.1423677340E-04   2.9752391048E+00   0.0000000000E+00   9.1890908005E-02   1.3191965848E-02
  1.3454849498E+02   4.5897169123E-09   9.4163984373E-02   4.0310557896E-05  -1.6575822678E-04   9.9999998545E-01   1.7058936500E-04   4.9509469780E+00   0.0000000000E+00   9.2327486165E-02   1.3437155751E-02
  1.3518394649E+02   4.6084392111E-09   9.3636432701E-02   6.0664724803E-05   3.4799779560E-04   9.9999993761E-01   3.5324592022E-04   1.3982056524E+00   0.0000000000E+00   9.2641872615E-02   1.3775950272E-02
  1.3581939799E+02   4.5975274022E-09   9.3486939408E-02  -1.2069398933E-05  -2.3161031642E-04   9.9999997311E-01   2.3192457955E-04   4.6603252730E+00   0.0000000000E+00   9.2511553508E-02   1.4085811053E-02
  1.3645484950E+02   4.6010339367E-09   9.3081908194E-02   1.2547960239E-04   6.5594205706E-05   9.9999998998E-01   1.4159000968E-04   4.8167992220E-01   0.0000000000E+00   9.2727634378E-02   1.4385140366E-02
  1.3709030100E+02   4.6010823984E-09   9.2565678275E-02  -1.5470135682E-04  -1.5405536740E-04   9.9999997617E-01   2.1832445304E-04   3.9248985922E+00   0.0000000000E+00   9.3211672485E-02   1.4783142006E-02
  1.3772575251E+02   4.5817629750E-09   9.2161578912E-02   8.5797863760E-05   2.9337797281E-05   9.9999999589E-01   9.0675133137E-05   3.2947724245E-01   0.0000000000E+00   9.3289099224E-02   1.5113829446E-02
  1.3836120401E+02   4.5829856093E-09   9.2202992975E-02  -8.3153041179E-05   2.6629351200E-05   9.9999999619E-01   8.7312949375E-05   2.8316674222E+00   0.0000000000E+00   9.2816695608E-02   1.5454144761E-02
  1.3899665552E+02   4.5832510613E-09   9.1539523570E-02   1.9777417212E-04   2.3467235167E-04   9.9999995291E-01   3.0689695186E-04   8.7051626295E-01   0.0000000000E+00   9.3610306749E-02   1.5784136751E-02
  1.3963210702E+02   4.5618550390E-09   9.1092696238E-02  -5.1405759920E-05  -1.9760605935E-04   9.9999997915E-01   2.0418302609E-04   4.4578873281E+00   0.0000000000E+00   9.4058578221E-02   1.6180103348E-02
  1.4026755853E+02   4.5527055742E-09   9.1055154747E-02  -1.6827661758E-04   1.0229710112E-04   9.9999998061E-01   1.9693074295E-04   2.5953769966E+00   0.0000000000E+00   9.3748240204E-02   1.6503154104E-02
  1.4090301003E+02   4.5549704018E-09   9.0646768186E-02   3.2087024211E-04  -1.8815568866E-04   9.9999993082E-01   3.7196811982E-04   5.7528319088E+00   0.0000000000E+00   9.3942656368E-02   1.6818389392E-02
  1.4153846154E+02   4.5371747204E-09   9.0258047339E-02  -6.1819346509E-06   2.5840034438E-04   9.9999996660E-01   2.5847428470E-04   1.5947156279E+00   0.0000000000E+00   9.4368434212E-02   1.7253252304E-02
  1.4217391304E+02   4.5265406452E-09   9.0165283701E-02  -3.6602170174E-05  -2.5681312159E-04   9.9999996635E-01   2.5940836492E-04   4.5708178988E+00   0.0000000000E+00   9.4133795507E-02   1.7590933791E-02
  1.4280936455E+02   4.4977178002E-09   8.9867398463E-02  -4.2991855847E-05  -1.0934842247E-04   9.9999999310E-01   1.1749628539E-04   4.3377896204E+00   0.0000000000E+00   9.4295991364E-02   1.7953002533E-02
  1.4344481605E+02   4.4990075146E-09   8.9424332548E-02  -1.4102853948E-04   3.1271275905E-04   9.9999994116E-01   3.4304274275E-04   1.9944684821E+00   0.0000000000E+00   9.4778197008E-02   1.8341383688E-02
  1.4408026756E+02   4.4673009660E-09   8.9217304378E-02   6.0074998580E-05  -9.9747457789E-06   9.9999999815E-01   6.0897465341E-05   6.1186481545E+00   0.0000000000E+00   9.4927188753E-02   1.8790982557E-02
  1.4471571906E+02   4.4818229745E-09   8.9127219664E-02   2.3105468853E-05   9.6600978420E-05   9.9999999507E-01   9.9325786637E-05   1.3360224553E+00   0.0000000000E+00   9.4764605982E-02   1.9175237420E-02
  1.4535117057E+02   4.4283695851E-09   8.8711248847E-02  -6.4585454828E-05  -5.4406362987E-04   9.9999984991E-01   5.4788369652E-04   4.5942325493E+00   0.0000000000E+00   9.5165807574E-02   1.9551525680E-02
  1.4598662207E+02   4.4287806504E-09   8.8371081803E-02   3.9814707648E-06   4.5646841175E-04   9.9999989581E-01   4.5648579156E-04   1.5620742122E+00   0.0000000000E+00   9.5579173083E-02   1.9934572708E-02
  1.4662207358E+02   4.4268820846E-09   8.8299226575E-02   6.0419008729E-05   6.7354541917E-05   9.9999999591E-01   9.0482545337E-05   8.3962483057E-01   0.0000000000E+00   9.5455496433E-02   2.0258503022E-02
  1.4725752508E+02   4.3897927788E-09   8.8211837421E-02  -2.2713391152E-05  -3.9753075332E-04   9.9999992073E-01   3.9817911345E-04   4.6553148472E+00   0.0000000000E+00   9.5221925574E-02   2.0690560462E-02
  1.4789297659E+02   4.3715662333E-09   8.7623081387E-02  -8.1165540262E-06   2.6553484991E-04   9.9999996471E-01   2.6565887378E-04   1.6013536250E+00   0.0000000000E+00   9.6071183248E-02   2.0970597859E-02
  1.4852842809E+02   4.3732250509E-09   8.7641719986E-02  -4.4553542051E-05  -5.5552189309E-04   9.9999984471E-01   5.5730568318E-04   4.6323590423E+00   0.0000000000E+00   9.5864007853E-02   2.1419629882E-02
  1.4916387960E+02   4.3187041652E-09   8.7543922370E-02   1.3255174737E-04   3.3829584534E-04   9.9999993399E-01   3.6333737862E-04   1.1973597879E+00   0.0000000000E+00   9.5689796971E-02   2.1840757198E-02
  1.4979933110E+02   4.3200715610E-09   8.7227645533E-02   6.4617538318E-06   1.9508222550E-04   9.9999998095E-01   1.9518921530E-04   1.5376852004E+00   0.0000000000E+00   9.6284792509E-02   2.2168729994E-02
  1.5043478261E+02   4.3000749982E-09   8.6752328742E-02  -7.5552804941E-05  -3.9047753925E-04   9.9999992091E-01   3.9771967960E-04   4.5212625137E+00   0.0000000000E+00   9.6875497976E-02   2.2472912975E-02
  1.5107023411E+02   4.2882045886E-09   8.6860965243E-02  -2.6225569325E-04   5.4482160703E-04   9.9999981720E-01   6.0465583345E-04   2.0194215901E+00   0.0000000000E+00   9.6490148396E-02   2.2830975436E-02
  1.5170568562E+02   4.2412682304E-09   8.6776226084E-02   3.9473962587E-04  -3.5786972512E-04   9.9999985805E-01   5.3281341919E-04   5.5467374360E+00   0.0000000000E+00   9.6349975846E-02   2.3247647884E-02
  1.5234113712E+02   4.2118628763E-09   8.6344731559E-02  -1.4125001573E-05  -3.1376698665E-04   9.9999995068E-01   3.1408476674E-04   4.6674018659E+00   0.0000000000E+00   9.7052409892E-02   2.3530295507E-02
  1.5297658863E+02   4.2140140607E-09   8.6463822283E-02  -1.7667104033E-04   2.8667621219E-04   9.9999994330E-01   3.3674309456E-04   2.1230960027E+00   0.0000000000E+00   9.6630033898E-02   2.3965136276E-02
  1.5361204013E+02   4.1746927810E-09   8.6008973452E-02  -4.4173105508E-04   1.6456054056E-04   9.9999988890E-01   4.7138785844E-04   2.7849843079E+00   0.0000000000E+00   9.7571473041E-02   2.4350879935E-02
  1.5424749164E+02   4.1490914354E-09   8.6047556057E-02   3.2222005012E-04  -4.0418916807E-04   9.9999986640E-01   5.1690876211E-04   5.3854209458E+00   0.0000000000E+00   9.7169723235E-02   2.4811652980E-02
  1.5488294314E+02   4.1352219279E-09   8.5624617591E-02   1.7368583439E-05  -2.1198775928E-04   9.9999997738E-01   2.1269809272E-04   4.7941383938E+00   0.0000000000E+00   9.7689294952E-02   2.5206583303E-02
  1.5551839465E+02   4.0982748176E-09   8.5874875308E-02  -1.3301266720E-04   3.3751089146E-04   9.9999993420E-01   3.6277538169E-04   1.9462052102E+00   0.0000000000E+00   9.7254046478E-02   2.5567483757E-02
  1.5615384615E+02   4.0896570644E-09   8.5446404220E-02   2.9849166214E-04   1.4982327343E-04   9.9999994423E-01   3.3398247019E-04   4.6519403855E-01   0.0000000000E+00   9.7838519805E-02   2.5993879292E-02
  1.5678929766E+02   4.0473235619E-09   8.5213403829E-02  -9.6185969061E-05  -1.7234391497E-04   9.9999998052E-01   1.9736809890E-04   4.2033445642E+00   0.0000000000E+00   9.8392573948E-02   2.6386111195E-02
  1.5742474916E+02   4.0414868408E-09   8.5265521910E-02   2.2887286201E-04  -1.6522468002E-04   9.9999996016E-01   2.8227997447E-04   5.6579081550E+00   0.0000000000E+00   9.8051874684E-02   2.6765933462E-02
  1.5806020067E+02   4.0039657617E-09   8.5228145352E-02  -1.0120136189E-04   1.6876422051E-04   9.9999998064E-01   1.9678180353E-04   2.1109667023E+00   0.0000000000E+00   9.7937878671E-02   2.7158095063E-02
  1.5869565217E+02   3.9640227056E-09   8.5020605660E-02  -8.5060003291E-05  -8.0712229005E-05   9.9999999313E-01   1.1725897965E-04   3.9007694304E+00   0.0000000000E+00   9.8065781735E-02   2.7582510220E-02
  1.5933110368E+02   3.9399605036E-09   8.4849347755E-02   2.8943123022E-05  -3.2424489562E-05   9.9999999906E-01   4.3463226137E-05   5.4411181788E+00   0.0000000000E+00   9.8760277266E-02   2.7972271425E-02
  1.5996655518E+02   3.9442720694E-09   8.4728618767E-02   3.3875919747E-05  -1.0019812727E-04   9.9999999441E-01   1.0576976268E-04   5.0384138254E+00   0.0000000000E+00   9.8725562043E-02   2.8396224387E-02
  1.6060200669E+02   3.8824654949E-09   8.4584018008E-02   2.6228362452E-04   2.5540661163E-05   9.9999996528E-01   2.6352424328E-04   9.7071968680E-02   0.0000000000E+00   9.8998026331E-02   2.8665427147E-02
  1.6123745819E+02   3.8710089078E-09   8.4491287720E-02  -3.1954880757E-04   1.2930499555E-04   9.9999994058E-01   3.4471905539E-04   2.7570852493E+00   0.0000000000E+00   9.9085981465E-02   2.9149621097E-02
  1.6187290970E+02   3.8435120745E-09   8.4656094135E-02  -2.0816555049E-04  -1.6651423243E-04   9.9999996447E-01   2.6657060594E-04   3.8162802590E+00   0.0000000000E+00   9.8611277898E-02   2.9626785716E-02
  1.6250836120E+02   3.8064050632E-09   8.3968317548E-02   5.7293971329E-05   2.8722302130E-04   9.9999995711E-01   2.9288165867E-04   1.3739050927E+00   0.0000000000E+00   9.9985826429E-02   2.9963819982E-02
  1.6314381271E+02   3.7986025419E-09   8.4354942566E-02   3.4215293410E-04  -3.3064680581E-05   9.9999994092E-01   3.4374686662E-04   6.1868473169E+00   0.0000000000E+00   9.9118871439E-02   3.0307251476E-02
  1.6377926421E+02   3.7342018136E-09   8.4137164980E-02  -3.8269124825E-04   2.1168769664E-05   9.9999992655E-01   3.8327629148E-04   3.0863334374E+00   0.0000000000E+00   9.9677938419E-02   3.0667490447E-02
  1.6441471572E+02   3.7541587972E-09   8.3930650511E-02   6.7600152855E-04  -1.4523802039E-04   9.9999976096E-01   6.9142767211E-04   6.0715538081E+00   0.0000000000E+00   9.9908863114E-02   3.1102790832E-02
  1.6505016722E+02   3.6977089552E-09   8.3855775745E-02  -4.4472705823E-04   1.7814307227E-06   9.9999990111E-01   4.4473064061E-04   3.1375870030E+00   0.0000000000E+00   1.0024647412E-01   3.1475547311E-02
  1.6568561873E+02   3.6516690436E-09   8.4101739438E-02  -1.2761988928E-04   2.5637223186E-04   9.9999995899E-01   2.8638009640E-04   2.0326754861E+00   0.0000000000E+00   9.9474766191E-02   3.1909023184E-02
  1.6632107023E+02   3.6406538287E-09   8.3728769391E-02  -2.3260830799E-04  -2.4454093546E-04   9.9999994305E-01   3.3750096082E-04   3.9519937715E+00   0.0000000000E+00   1.0035572610E-01   3.2366828984E-02
  1.6695652174E+02   3.6180213032E-09   8.3526580167E-02   3.1374368462E-05   2.4592331775E-04   9.9999996927E-01   2.4791658044E-04   1.4439039507E+00   0.0000000000E+00   1.0082107602E-01   3.2794825758E-02
  1.6759197324E+02   3.5790839779E-09   8.3659993380E-02   3.4114773389E-04  -1.4296499201E-04   9.9999993159E-01   3.6989291911E-04   5.8863475990E+00   0.0000000000E+00   1.0052315055E-01   3.3226962024E-02
  1.6822742475E+02   3.5485920769E-09   8.3846312674E-02  -1.1420920002E-04  -1.7651837613E-04   9.9999997790E-01   2.1024385750E-04   4.1381183840E+00   0.0000000000E+00   1.0021014188E-01   3.3677835957E-02
  1.6886287625E+02   3.5272289436E-09   8.3619024406E-02   1.4043003550E-04   2.5653123198E-04   9.9999995724E-01   2.9245319385E-04   1.0699369541E+00   0.0000000000E+00   1.0043652649E-01   3.4072433668E-02
  1.6949832776E+02   3.4976033727E-09   8.3323844474E-02  -3.2407359806E-04  -2.2126036774E-04   9.9999992301E-01   3.9240266983E-04   3.7406455235E+00   0.0000000000E+00   1.0142088386E-01   3.4493271101E-02
  1.7013377926E+02   3.4570476948E-09   8.3578408514E-02   5.8267543954E-05  -2.2789147990E-04   9.9999997234E-01   2.3522252211E-04   4.9627073713E+00   0.0000000000E+00   1.0083007789E-01   3.4906029212E-02
  1.7076923077E+02   3.4252637766E-09   8.3146082796E-02   5.1406942195E-05   6.4852342041E-04   9.9999978839E-01   6.5055773023E-04   1.4916940536E+00   0.0000000000E+00   1.0201697580E-01   3.5214659977E-02
  1.7140468227E+02   3.3974416305E-09   8.3563534584E-02   3.1866320253E-04  -7.1268434130E-04   9.9999969527E-01   7.8068260592E-04   5.1328544142E+00   0.0000000000E+00   1.0092904668E-01   3.5711904184E-02
  1.7204013378E+02   3.3573777450E-09   8.3332012659E-02  -2.9186130801E-04   7.3133890906E-04   9.9999968998E-01   7.8742602929E-04   1.9505076695E+00   0.0000000000E+00   1.0149053884E-01   3.6239411513E-02
  1.7267558528E+02   3.3501353744E-09   8.3360806004E-02   8.7625547923E-05  -4.6233898989E-04   9.9999988928E-01   4.7056943679E-04   4.8996940048E+00   0.0000000000E+00   1.0150890987E-01   3.6529857094E-02
  1.7331103679E+02   3.3279888594E-09   8.3267208120E-02  -3.7164282506E-05   2.4044247783E-04   9.9999997040E-01   2.4329769913E-04   1.7241489864E+00   0.0000000000E+00   1.0202667976E-01   3.6978602375E-02
  1.7394648829E+02   3.2675597330E-09   8.3179807946E-02  -6.5603648804E-05   6.2676815714E-05   9.9999999588E-01   9.0731594513E-05   2.3790064233E+00   0.0000000000E+00   1.0212555951E-01   3.7449264828E-02
  1.7458193980E+02   3.2410331410E-09   8.3445722831E-02   1.3923579503E-04  -1.6611020781E-04   9.9999997651E-01   2.1674687704E-04   5.4100003675E+00   0.0000000000E+00   1.0163914609E-01   3.7844844430E-02
  1.7521739130E+02   3.2230610738E-09   8.3056191629E-02  -3.3911501026E-04  -1.9252235024E-04   9.9999992397E-01   3.8995365578E-04   3.6579385574E+00   0.0000000000E+00   1.0264002791E-01   3.8281860677E-02
  1.7585284281E+02   3.1972074472E-09   8.3340807618E-02   9.6187680627E-05   2.3234314837E-04   9.9999996838E-01   2.5146651891E-04   1.1782883007E+00   0.0000000000E+00   1.0194651712E-01   3.8915867252E-02
  1.7648829431E+02   3.1565327072E-09   8.2925983424E-02  -6.0966642148E-05  -3.5771317862E-04   9.9999993416E-01   3.6287140337E-04   4.5435766248E+00   0.0000000000E+00   1.0325863734E-01   3.9149359568E-02
  1.7712374582E+02   3.1242098314E-09   8.3283179181E-02   4.2175677121E-04   1.8696169241E-04   9.9999989358E-01   4.6133877377E-04   4.1726214184E-01   0.0000000000E+00   1.0246889543E-01   3.9710336849E-02
  1.7775919732E+02   3.1016286832E-09   8.3092257138E-02  -4.7146799234E-04   2.6096100924E-04   9.9999985481E-01   5.3887173262E-04   2.6360606317E+00   0.0000000000E+00   1.0292291059E-01   4.0096278848E-02
  1.7839464883E+02   3.0663621373E-09   8.3186143366E-02   4.9335217862E-04  -2.5999534189E-04   9.9999984450E-01   5.5766834426E-04   5.7981737304E+00   0.0000000000E+00   1.0291103506E-01   4.0696754649E-02
  1.7903010033E+02   3.0297720893E-09   8.3126546455E-02  -4.9670991198E-04  -6.0956474316E-05   9.9999987478E-01   5.0043625893E-04   3.2637025627E+00   0.0000000000E+00   1.0319006920E-01   4.0978893693E-02
  1.7966555184E+02   2.9919771347E-09   8.3235989838E-02   8.6214319129E-05  -7.3384832028E-05   9.9999999359E-01   1.1321767938E-04   5.5780003501E+00   0.0000000000E+00   1.0306360742E-01   4.1546563134E-02
  1.8030100334E+02   3.0050819906E-09   8.3125753324E-02   1.4957260382E-04   8.7137139875E-05   9.9999998502E-01   1.7310356955E-04   5.2750786059E-01   0.0000000000E+00   1.0361965540E-01   4.1995263972E-02
  1.8093645485E+02   2.9335868975E-09   8.3236441893E-02   1.4591781420E-04  -1.4154837667E-05   9.9999998925E-01   1.4660275703E-04   6.1864823283E+00   0.0000000000E+00   1.0343712157E-01   4.2507889979E-02
  1.8157190635E+02   2.9087330377E-09   8.3317495548E-02  -3.7315426614E-04  -2.6105268911E-04   9.9999989630E-01   4.5540380664E-04   3.7520392518E+00   0.0000000000E+00   1.0330075826E-01   4.2975329208E-02
  1.8220735786E+02   2.8726091089E-09   8.3132605562E-02   1.1034548741E-04   3.0988078855E-04   9.9999994590E-01   3.2894107938E-04   1.2287063461E+00   0.0000000000E+00   1.0412203987E-01   4.3378470845E-02
  1.8284280936E+02   2.8699198793E-09   8.3180612458E-02   2.1331607955E-05   1.0735157561E-04   9.9999999401E-01   1.0945043899E-04   1.3746434628E+00   0.0000000000E+00   1.0420671382E-01   4.3973949972E-02
  1.8347826087E+02   2.8155474674E-09   8.3171680070E-02  -1.3440697273E-04  -6.0284449018E-04   9.9999980926E-01   6.1764614652E-04   4.4930221974E+00   0.0000000000E+00   1.0442430807E-01   4.4386660358E-02
  1.8411371237E+02   2.8151142734E-09   8.3209226906E-02   1.3157787338E-04   4.2240466231E-04   9.9999990213E-01   4.4242338167E-04   1.2688252938E+00   0.0000000000E+00   1.0456737763E-01   4.4974822091E-02
  1.8474916388E+02   2.7572373775E-09   8.3364294246E-02   2.0513624828E-04   5.9739874068E-05   9.9999997718E-01   2.1365798357E-04   2.8338284249E-01   0.0000000000E+00   1.0432059927E-01   4.5408739000E-02
  1.8538461538E+02   2.7359310042E-09   8.3398772184E-02  -7.4701663605E-04  -1.9425325613E-05   9.9999972079E-01   7.4726922999E-04   3.1675906675E+00   0.0000000000E+00   1.0425330012E-01   4.5905791006E-02
  1.8602006689E+02   2.7069946693E-09   8.3733598898E-02   6.0959928214E-04  -3.7530273800E-04   9.9999974377E-01   7.1586557240E-04   5.7313343610E+00   0.0000000000E+00   1.0395153889E-01   4.6358673196E-02
  1.8665551839E+02   2.6649712583E-09   8.3315283748E-02  -2.2041316093E-06   1.6919069227E-04   9.9999998568E-01   1.6920505031E-04   1.5838230891E+00   0.0000000000E+00   1.0504379509E-01   4.6732404262E-02
  1.8729096990E+02   2.6537228870E-09   8.3578857287E-02  -3.1441610456E-04   5.0301717821E-04   9.9999982406E-01   5.9319795176E-04   2.1294390546E+00   0.0000000000E+00   1.0470673202E-01   4.7335302263E-02
  1.8792642140E+02   2.6261577161E-09   8.3279638880E-02  -1.6003668464E-04  -5.4528749102E-04   9.9999983852E-01   5.6828709561E-04   4.4269148748E+00   0.0000000000E+00   1.0571093719E-01   4.7788936480E-02
  1.8856187291E+02   2.5929007734E-09   8.3667924250E-02   6.1333008054E-04   2.5207569839E-04   9.9999978014E-01   6.6311085796E-04   3.8994888628E-01   0.0000000000E+00   1.0531372209E-01   4.8287361980E-02
  1.8919732441E+02   2.5539101241E-09   8.3743845223E-02   7.1722963630E-04   1.0569935963E-04   9.9999973720E-01   7.2497641213E-04   1.4631850931E-01   0.0000000000E+00   1.0502509745E-01   4.8850045887E-02
  1.8983277592E+02   2.5339815303E-09   8.3550815498E-02  -8.4385644243E-04  -1.8489817134E-04   9.9999962686E-01   8.6387569434E-04   3.3572947766E+00   0.0000000000E+00   1.0581620340E-01   4.9255507407E-02
  1.9046822742E+02   2.5007732371E-09   8.3851827694E-02  -2.0500224677E-04   1.5020791040E-04   9.9999996771E-01   2.5414235976E-04   2.5092470192E+00   0.0000000000E+00   1.0555193607E-01   4.9706801985E-02
  1.9110367893E+02   2.4649352449E-09   8.3924256437E-02   3.9386712882E-04   2.5716256701E-04   9.9999988937E-01   4.7038698719E-04   5.7842314392E-01   0.0000000000E+00   1.0565019668E-01   5.0344629946E-02
  1.9173913043E+02   2.4456956036E-09   8.3877505399E-02  -2.1663017020E-04  -2.8202193022E-04   9.9999993677E-01   3.5561918618E-04   4.0573838006E+00   0.0000000000E+00   1.0588970360E-01   5.0808709677E-02
  1.9237458194E+02   2.4169161834E-09   8.3907295446E-02  -2.0701203544E-04   2.5265875592E-04   9.9999994665E-01   3.2663501665E-04   2.2572159155E+00   0.0000000000E+00   1.0619876341E-01   5.1310091201E-02
  1.9301003344E+02   2.3811243037E-09   8.4129669530E-02   1.8523078189E-04   1.4795157512E-05   9.9999998274E-01   1.8582071927E-04   7.9704968331E-02   0.0000000000E+00   1.0606835309E-01   5.1928054982E-02
  1.9364548495E+02   2.3536186960E-09   8.4157974812E-02  -1.9426047198E-04  -5.7907266964E-04   9.9999981347E-01   6.1078828953E-04   4.3887182691E+00   0.0000000000E+00   1.0608726565E-01   5.2426161569E-02
  1.9428093645E+02   2.3368319184E-09   8.4092257943E-02   7.8810582293E-05   1.2641511158E-04   9.9999998890E-01   1.4896942166E-04   1.0133290226E+00   0.0000000000E+00   1.0681990760E-01   5.2840110183E-02
  1.9491638796E+02   2.3028076445E-09   8.4305365641E-02   1.4512999425E-04   1.0910293398E-04   9.9999998352E-01   1.8156587203E-04   6.4462659938E-01   0.0000000000E+00   1.0653769857E-01   5.3427380298E-02
  1.9555183946E+02   2.2706374957E-09   8.4465281163E-02  -3.7264446284E-04   1.9409996844E-05   9.9999993038E-01   3.7314963541E-04   3.0895525089E+00   0.0000000000E+00   1.0633614169E-01   5.3896851427E-02
  1.9618729097E+02   2.2513144348E-09   8.4458098146E-02  -2.4771538510E-04  -4.4411437507E-05   9.9999996833E-01   2.5166503446E-04   3.3189921025E+00   0.0000000000E+00   1.0725355785E-01   5.4500630613E-02
  1.9682274247E+02   2.2141737027E-09   8.4626743545E-02   7.9290999452E-04   4.0502734905E-05   9.9999968483E-01   7.9394386680E-04   5.1036766538E-02   0.0000000000E+00   1.0702382862E-01   5.4979101822E-02
  1.9745819398E+02   2.2096166911E-09   8.4428618711E-02  -9.8188676205E-06   3.6331777211E-04   9.9999993395E-01   3.6345043690E-04   1.5978153138E+00   0.0000000000E+00   1.0770506681E-01   5.5474362212E-02
  1.9809364548E+02   2.1552103242E-09   8.4771602274E-02   5.6597109408E-05  -6.2849755181E-05   9.9999999642E-01   8.4577330448E-05   5.4454882069E+00   0.0000000000E+00   1.0720265792E-01   5.5941404423E-02
  1.9872909699E+02   2.1418913098E-09   8.5016238933E-02   8.6237736139E-06   1.1048088570E-04   9.9999999386E-01   1.1081694737E-04   1.4928975766E+00   0.0000000000E+00   1.0689668374E-01   5.6566371255E-02
  1.9936454849E+02   2.1088706388E-09   8.4789136619E-02  -2.0751500521E-04  -9.9959240316E-05   9.9999997347E-01   2.3033525192E-04   3.5904904913E+00   0.0000000000E+00   1.0800258921E-01   5.7030983995E-02
  2.0000000000E+02   2.0674189413E-09   8.5102465085E-02  -8.2459671440E-05  -2.1815446705E-04   9.9999997280E-01   2.3321871751E-04   4.3510016686E+00   0.0000000000E+00   1.0763047276E-01   5.7676697636E-02
