2.203703703703703831e-01 3.077592103703703685e+01
4.407407407407407662e-01 2.824101388888889019e+01
6.611111111111110938e-01 2.493433885185185517e+01
8.814814814814815325e-01 2.207661445370370501e+01
1.101851851851851860e+00 2.060305838888888985e+01
1.322222222222222188e+00 2.055887743518518818e+01
1.542592592592592515e+00 2.223116570370370226e+01
1.762962962962963065e+00 2.559947502777777828e+01
1.983333333333333393e+00 2.891030184259259173e+01
2.203703703703703720e+00 3.130744445370370244e+01
2.424074074074074492e+00 3.293572916666666828e+01
2.644444444444444375e+00 3.368244755555555514e+01
2.864814814814815147e+00 3.348846543518518359e+01
3.085185185185185031e+00 3.267492083333333142e+01
3.305555555555555358e+00 3.188779753703703790e+01
3.525925925925926130e+00 3.088858098148148201e+01
3.746296296296296013e+00 2.986027333333333189e+01
3.966666666666666785e+00 2.900410469444444672e+01
4.187037037037036669e+00 2.819870938888889000e+01
4.407407407407407440e+00 2.720422418518518271e+01
4.627777777777778212e+00 2.637429945370370277e+01
4.848148148148148984e+00 2.580608987962963141e+01
5.068518518518517979e+00 2.540668180555555367e+01
5.288888888888888751e+00 2.514914376851851685e+01
5.509259259259259522e+00 2.494430840740740862e+01
5.729629629629630294e+00 2.481774088888888841e+01
5.950000000000000178e+00 2.489818048148148222e+01
6.170370370370370061e+00 2.485671779629629796e+01
6.390740740740740833e+00 2.482968386111111059e+01
6.611111111111110716e+00 2.475027449999999973e+01
6.831481481481481488e+00 2.477752770370370428e+01
7.051851851851852260e+00 2.455858863888888877e+01
7.272222222222222143e+00 2.450180911111111115e+01
7.492592592592592027e+00 2.449090187962962872e+01
7.712962962962962798e+00 2.449108368518518475e+01
7.933333333333333570e+00 2.443562197222222565e+01
8.153703703703703454e+00 2.432674909259259266e+01
8.374074074074073337e+00 2.417616120370370325e+01
8.594444444444444997e+00 2.411522659259259527e+01
8.814814814814814881e+00 2.401598830555555608e+01
9.035185185185184764e+00 2.393733701851851947e+01
9.255555555555556424e+00 2.382254388888889096e+01
9.475925925925926308e+00 2.371658540740740762e+01
9.696296296296297967e+00 2.343479340740740824e+01
9.916666666666666075e+00 2.315382779629629795e+01
1.013703703703703596e+01 2.290104425000000177e+01
1.035740740740740762e+01 2.275711154629629718e+01
1.057777777777777750e+01 2.259539715740740817e+01
1.079814814814814916e+01 2.248704545370370411e+01
1.101851851851851904e+01 2.235756574074074265e+01
1.123888888888888893e+01 2.213326286111110974e+01
1.145925925925926059e+01 2.178436918518518439e+01
1.167962962962962870e+01 2.150630034259259205e+01
1.190000000000000036e+01 2.131738784259259134e+01
1.212037037037037024e+01 2.110582457407407375e+01
1.234074074074074012e+01 2.085839051851851877e+01
1.256111111111111178e+01 2.061877630555555285e+01
1.278148148148148167e+01 2.041104307407407603e+01
1.300185185185185333e+01 2.022427147222222032e+01
1.322222222222222143e+01 2.003436179629629521e+01
1.344259259259259132e+01 1.985457042592592458e+01
1.366296296296296298e+01 1.977049472222222093e+01
1.388333333333333286e+01 1.966648100925925746e+01
1.410370370370370452e+01 1.955935456481481438e+01
1.432407407407407440e+01 1.949096372222222584e+01
1.454444444444444429e+01 1.938218670370370234e+01
1.476481481481481595e+01 1.933953401851852050e+01
1.498518518518518405e+01 1.940415762962962987e+01
1.520555555555555571e+01 1.936143773148148384e+01
1.542592592592592560e+01 1.933867237037037157e+01
1.564629629629629548e+01 1.930369628703703810e+01
1.586666666666666714e+01 1.917819976851852104e+01
1.608703703703703525e+01 1.897538961111111178e+01
1.630740740740740691e+01 1.876201379629629429e+01
1.652777777777777857e+01 1.859067583333333218e+01
1.674814814814814667e+01 1.836619886111110844e+01
1.696851851851851833e+01 1.818053682407407479e+01
1.718888888888888999e+01 1.804885120370370188e+01
1.740925925925926165e+01 1.787412504629629595e+01
1.762962962962962976e+01 1.767337425000000195e+01
1.784999999999999787e+01 1.747226314814814785e+01
1.807037037037036953e+01 1.730250524074073937e+01
1.829074074074074119e+01 1.711176366666666837e+01
1.851111111111111285e+01 1.695660970370370180e+01
1.873148148148148096e+01 1.679008132407407317e+01
1.895185185185185262e+01 1.660512116666666671e+01
1.917222222222222072e+01 1.647217943518518624e+01
1.939259259259259593e+01 1.631858018518518705e+01
1.961296296296296404e+01 1.617386957407407522e+01
1.983333333333333215e+01 1.599703777777777702e+01
2.005370370370370381e+01 1.583146470370370373e+01
2.027407407407407192e+01 1.555455831481481610e+01
2.049444444444444713e+01 1.529512068518518397e+01
2.071481481481481524e+01 1.507938470370370432e+01
2.093518518518518690e+01 1.492785913888888949e+01
2.115555555555555500e+01 1.477027118518518556e+01
2.137592592592592311e+01 1.463994965740740639e+01
2.159629629629629832e+01 1.443367417592592439e+01
2.181666666666666643e+01 1.427192232407407424e+01
2.203703703703703809e+01 1.409670914814814857e+01
2.225740740740740620e+01 1.397474737037036974e+01
2.247777777777777786e+01 1.377659143518518547e+01
2.269814814814814952e+01 1.366531651851851947e+01
2.291851851851852118e+01 1.352578350925925932e+01
2.313888888888888928e+01 1.337751281481481413e+01
2.335925925925925739e+01 1.324309570370370359e+01
2.357962962962962905e+01 1.321835031481481515e+01
2.380000000000000071e+01 1.319156539814814799e+01
2.402037037037037237e+01 1.313599349999999966e+01
2.424074074074074048e+01 1.309606238888888896e+01
2.446111111111111214e+01 1.296237250000000074e+01
2.468148148148148024e+01 1.283407617592592587e+01
2.490185185185185190e+01 1.275811120370370411e+01
2.512222222222222356e+01 1.272034082407407496e+01
2.534259259259259167e+01 1.265090322222222241e+01
2.556296296296296333e+01 1.259061980555555493e+01
2.578333333333333144e+01 1.252080096296296396e+01
2.600370370370370665e+01 1.245223712962962992e+01
2.622407407407407476e+01 1.243888819444444493e+01
2.644444444444444287e+01 1.251065841666666678e+01
2.666481481481481453e+01 1.261053357407407383e+01
2.688518518518518263e+01 1.276671887037036868e+01
2.710555555555555785e+01 1.296388093518518581e+01
2.732592592592592595e+01 1.315994996296296193e+01
2.754629629629629761e+01 1.334998084259259343e+01
2.776666666666666572e+01 1.356992920370370470e+01
2.798703703703703738e+01 1.368569857407407397e+01
2.820740740740740904e+01 1.375183833333333361e+01
2.842777777777777715e+01 1.377570885185185112e+01
2.864814814814814881e+01 1.379157111111111078e+01
2.886851851851851691e+01 1.381489951851851750e+01
2.908888888888888857e+01 1.382904839814814757e+01
2.930925925925926023e+01 1.381185179629629722e+01
2.952962962962963189e+01 1.377898135185185069e+01
2.975000000000000000e+01 1.367470319444444549e+01
2.997037037037036811e+01 1.352907694444444431e+01
3.019074074074073977e+01 1.346282259259259284e+01
3.041111111111111143e+01 1.333903945370370359e+01
3.063148148148148309e+01 1.325047370370370281e+01
3.085185185185185119e+01 1.320600626851851978e+01
3.107222222222222285e+01 1.315099521296296281e+01
3.129259259259259096e+01 1.311061013888888915e+01
3.151296296296296617e+01 1.313736089814814889e+01
3.173333333333333428e+01 1.322555752777777727e+01
3.195370370370370239e+01 1.332065836111111246e+01
3.217407407407407050e+01 1.342057869444444407e+01
3.239444444444444571e+01 1.346008449074074065e+01
3.261481481481481381e+01 1.347184786111111165e+01
3.283518518518518903e+01 1.347119666666666760e+01
3.305555555555555713e+01 1.345493002777777747e+01
3.327592592592592524e+01 1.337945537962963094e+01
3.349629629629629335e+01 1.326750833333333368e+01
3.371666666666666856e+01 1.314430366666666750e+01
3.393703703703703667e+01 1.305455012037037044e+01
3.415740740740740478e+01 1.302212262037036972e+01
3.437777777777777999e+01 1.301343782407407446e+01
3.459814814814814810e+01 1.302863566666666628e+01
3.481851851851852331e+01 1.305949302777777810e+01
3.503888888888889142e+01 1.310672721296296217e+01
3.525925925925925952e+01 1.308321259259259151e+01
3.547962962962963474e+01 1.306841251851851737e+01
3.569999999999999574e+01 1.306534386111111168e+01
3.592037037037037095e+01 1.307514262962962981e+01
3.614074074074073906e+01 1.306791117592592677e+01
3.636111111111111427e+01 1.302012165740740635e+01
3.658148148148148238e+01 1.297904131481481649e+01
3.680185185185185048e+01 1.301354580555555529e+01
3.702222222222222570e+01 1.300561687962962942e+01
3.724259259259258670e+01 1.300027399999999922e+01
3.746296296296296191e+01 1.300323026851851971e+01
3.768333333333333712e+01 1.291039594444444560e+01
3.790370370370370523e+01 1.280027907407407461e+01
3.812407407407407334e+01 1.268460446296296418e+01
3.834444444444444144e+01 1.255030525000000097e+01
3.856481481481481666e+01 1.237945871296296296e+01
3.878518518518519187e+01 1.217756199074073997e+01
3.900555555555555287e+01 1.195950771296296189e+01
3.922592592592592808e+01 1.169884592592592654e+01
3.944629629629629619e+01 1.146645875925925928e+01
3.966666666666666430e+01 1.128373866666666636e+01
3.988703703703703951e+01 1.115886800000000001e+01
4.010740740740740762e+01 1.108743824999999994e+01
4.032777777777778283e+01 1.100639924999999941e+01
4.054814814814814383e+01 1.091946644444444559e+01
4.076851851851851904e+01 1.082865842592592642e+01
4.098888888888889426e+01 1.079230612962962965e+01
4.120925925925925526e+01 1.076653271296296310e+01
4.142962962962963047e+01 1.081050762037036961e+01
4.164999999999999858e+01 1.084086914814814939e+01
4.187037037037037379e+01 1.089834174074074014e+01
4.209074074074074190e+01 1.093521631481481471e+01
4.231111111111111001e+01 1.101943856481481454e+01
4.253148148148148522e+01 1.111639271296296272e+01
4.275185185185184622e+01 1.129062193518518420e+01
4.297222222222222143e+01 1.148568717592592670e+01
4.319259259259259665e+01 1.169702897222222227e+01
4.341296296296296475e+01 1.191025603703703695e+01
4.363333333333333286e+01 1.211512224999999887e+01
4.385370370370370097e+01 1.228050470370370384e+01
4.407407407407407618e+01 1.241477086111111028e+01
4.429444444444445139e+01 1.249865153703703591e+01
4.451481481481481239e+01 1.247336954629629524e+01
4.473518518518518761e+01 1.243469564814814809e+01
4.495555555555555571e+01 1.229441999074074054e+01
4.517592592592592382e+01 1.212160334259259109e+01
4.539629629629629903e+01 1.190604696296296439e+01
4.561666666666666714e+01 1.164705448148148292e+01
4.583703703703704235e+01 1.133733714814814952e+01
4.605740740740740335e+01 1.101667512037037078e+01
4.627777777777777857e+01 1.071925665740740818e+01
4.649814814814815378e+01 1.049954519444444578e+01
4.671851851851851478e+01 1.037259974074074087e+01
4.693888888888888999e+01 1.025137510185185263e+01
4.715925925925925810e+01 1.019653813888889005e+01
4.737962962962963331e+01 1.015342267592592584e+01
4.760000000000000142e+01 1.013682658333333286e+01
4.782037037037036953e+01 1.016847507407407392e+01
4.804074074074074474e+01 1.021134592592592583e+01
4.826111111111110574e+01 1.031342809259259319e+01
4.848148148148148096e+01 1.042349868518518541e+01
4.870185185185185617e+01 1.046758598148148067e+01
4.892222222222222427e+01 1.050784544444444357e+01
4.914259259259259238e+01 1.050046083333333335e+01
4.936296296296296049e+01 1.042884156481481561e+01
4.958333333333333570e+01 1.034025818518518669e+01
4.980370370370370381e+01 1.024545815740740728e+01
5.002407407407407192e+01 1.018239917592592469e+01
5.024444444444444713e+01 1.012864533333333483e+01
5.046481481481481524e+01 1.005107386111111190e+01
5.068518518518518334e+01 9.965721111111111696e+00
5.090555555555555856e+01 9.943203666666667218e+00
5.112592592592592666e+01 9.890226629629628619e+00
5.134629629629629477e+01 9.869451212962962572e+00
5.156666666666666288e+01 9.873154537037036604e+00
5.178703703703703809e+01 9.867455759259257775e+00
5.200740740740741330e+01 9.869342129629631089e+00
5.222777777777777430e+01 9.847536481481482085e+00
5.244814814814814952e+01 9.817416259259259093e+00
5.266851851851851762e+01 9.784584379629629680e+00
5.288888888888888573e+01 9.776838361111110487e+00
5.310925925925926094e+01 9.709326796296295470e+00
5.332962962962962905e+01 9.626889546296297340e+00
5.355000000000000426e+01 9.494781916666665822e+00
5.377037037037036526e+01 9.331236250000001675e+00
5.399074074074074048e+01 9.214039981481482400e+00
5.421111111111111569e+01 9.168794638888888571e+00
5.443148148148148380e+01 9.056422277777778973e+00
5.465185185185185190e+01 9.008379333333333960e+00
5.487222222222222001e+01 8.890432703703703865e+00
5.509259259259259522e+01 8.709497611111110871e+00
5.531296296296296333e+01 8.561034092592592515e+00
5.553333333333333144e+01 8.438857453703702660e+00
5.575370370370370665e+01 8.413288981481480633e+00
5.597407407407407476e+01 8.386065527777777362e+00
5.619444444444444287e+01 8.357999157407407509e+00
5.641481481481481808e+01 8.318009648148148472e+00
5.663518518518518619e+01 8.261801981481481150e+00
5.685555555555555429e+01 8.109728796296295172e+00
5.707592592592592240e+01 7.985251490740740365e+00
5.729629629629629761e+01 7.871084212962963456e+00
5.751666666666667282e+01 7.738912675925925910e+00
5.773703703703703383e+01 7.627956194444443838e+00
5.795740740740740904e+01 7.578942518518518412e+00
5.817777777777777715e+01 7.528929462962962837e+00
5.839814814814814525e+01 7.493978722222221833e+00
5.861851851851852047e+01 7.488514638888889685e+00
5.883888888888888857e+01 7.444574990740740361e+00
5.905925925925926379e+01 7.391612277777777962e+00
5.927962962962962479e+01 7.341270870370370183e+00
5.950000000000000000e+01 7.260267129629629501e+00
5.972037037037037521e+01 7.217889907407407435e+00
5.994074074074073621e+01 7.154803379629629312e+00
6.016111111111111143e+01 7.058805638888888900e+00
6.038148148148147953e+01 7.033427787037036971e+00
6.060185185185185475e+01 7.004167009259258947e+00
6.082222222222222285e+01 6.997637435185184884e+00
6.104259259259259096e+01 6.991456046296296911e+00
6.126296296296296617e+01 6.968660935185185146e+00
6.148333333333332718e+01 6.874629999999999797e+00
6.170370370370370239e+01 6.798119611111111738e+00
6.192407407407407760e+01 6.716103268518518021e+00
6.214444444444444571e+01 6.611635592592592481e+00
6.236481481481481381e+01 6.569420342592592554e+00
6.258518518518518192e+01 6.527179750000000169e+00
6.280555555555555713e+01 6.473580166666666358e+00
6.302592592592593235e+01 6.432017212962962915e+00
6.324629629629629335e+01 6.350010787037037474e+00
6.346666666666666856e+01 6.334282953703703534e+00
6.368703703703703667e+01 6.294794787037036876e+00
6.390740740740740478e+01 6.270125425925926699e+00
6.412777777777777999e+01 6.240211249999999765e+00
6.434814814814814099e+01 6.201104324074074192e+00
6.456851851851851620e+01 6.155739981481481493e+00
6.478888888888889142e+01 6.113716453703703202e+00
6.500925925925926663e+01 5.975187231481481120e+00
6.522962962962962763e+01 5.971123601851852314e+00
6.545000000000000284e+01 5.920384425925926841e+00
6.567037037037037805e+01 5.883536296296297152e+00
6.589074074074073906e+01 5.810063712962963756e+00
6.611111111111111427e+01 5.760283148148148236e+00
6.633148148148148948e+01 5.732722527777777799e+00
6.655185185185185048e+01 5.741191361111110503e+00
6.677222222222222570e+01 5.730958462962963296e+00
6.699259259259258670e+01 5.751892546296295983e+00
6.721296296296296191e+01 5.732255342592592839e+00
6.743333333333333712e+01 5.639750472222222477e+00
6.765370370370369812e+01 5.477460916666666790e+00
6.787407407407407334e+01 5.349514981481481080e+00
6.809444444444444855e+01 5.237486398148147870e+00
6.831481481481480955e+01 5.217231055555555663e+00
6.853518518518518476e+01 5.292035777777778449e+00
6.875555555555555998e+01 5.278510546296296901e+00
6.897592592592592098e+01 5.239547962962962657e+00
6.919629629629629619e+01 5.229415333333333749e+00
6.941666666666667140e+01 5.277389962962963033e+00
6.963703703703704662e+01 5.288021731481481247e+00
6.985740740740740762e+01 5.266925675925925532e+00
7.007777777777778283e+01 5.235184629629629605e+00
7.029814814814814383e+01 5.124424277777777093e+00
7.051851851851851904e+01 5.027853574074074849e+00
7.073888888888889426e+01 4.958366388888888920e+00
7.095925925925926947e+01 4.931537398148147844e+00
7.117962962962963047e+01 4.973633648148148900e+00
7.139999999999999147e+01 4.982169694444444019e+00
7.162037037037036669e+01 4.941165379629629761e+00
7.184074074074074190e+01 4.911946472222221693e+00
7.206111111111111711e+01 4.956288296296296636e+00
7.228148148148147811e+01 5.005040833333333161e+00
7.250185185185185333e+01 5.038299129629630002e+00
7.272222222222222854e+01 5.013427027777777489e+00
7.294259259259258954e+01 4.942458953703703806e+00
7.316296296296296475e+01 4.852827712962962892e+00
7.338333333333332575e+01 4.763504990740740297e+00
7.360370370370370097e+01 4.696833037037037251e+00
7.382407407407407618e+01 4.608071157407406915e+00
7.404444444444445139e+01 4.612704444444444718e+00
7.426481481481482660e+01 4.611281953703703529e+00
7.448518518518517340e+01 4.567807287037036978e+00
7.470555555555554861e+01 4.580865333333333567e+00
7.492592592592592382e+01 4.577144379629629611e+00
7.514629629629629903e+01 4.549572740740741139e+00
7.536666666666667425e+01 4.577544351851852156e+00
7.558703703703703525e+01 4.497192907407407070e+00
7.580740740740741046e+01 4.426515722222222671e+00
7.602777777777777146e+01 4.336993564814815016e+00
7.624814814814814667e+01 4.257265768518518456e+00
7.646851851851852189e+01 4.252487037037036899e+00
7.668888888888888289e+01 4.285750842592592313e+00
7.690925925925925810e+01 4.346981851851851708e+00
7.712962962962963331e+01 4.316881462962962601e+00
